2174.75, 751.54
1744.85, 752.99
1514.81, 752.79
1668.09, 752.99
560.96, 741.21
510.14, 741.39
1850.97, 739.10
1699.05, 738.79
1520.37, 733.74
353.56, 734.26
1783.82, 729.91
247.32, 731.55
468.44, 732.55
2567.05, 724.40
1596.84, 691.83
484.60, 696.35
366.63, 690.39
1084.33, 674.98
1547.53, 674.85
1258.06, 672.92
724.99, 670.28
471.47, 664.73
2491.60, 659.46
2529.21, 659.71
443.63, 657.20
1794.57, 649.19
885.27, 634.00
1224.67, 624.60
2466.50, 619.20
288.45, 618.41
1897.64, 617.89
1397.64, 593.39
2449.60, 592.88
787.59, 595.38
391.10, 582.43
999.00, 556.92
1863.13, 555.43
1311.73, 530.66
860.40, 542.15
280.56, 533.36
2547.55, 530.91
1030.21, 534.76
1400.03, 501.93
466.09, 503.72
1690.89, 511.66
359.73, 502.40
594.86, 504.83
2300.26, 498.52
1663.20, 493.44
1313.72, 490.64
1929.96, 489.60
434.50, 474.14
1068.67, 474.10
1616.56, 470.94
2130.07, 474.13
1929.64, 466.50
2034.85, 466.34
1221.23, 432.39
2305.69, 419.85
1361.52, 421.20
1548.93, 427.27
2584.95, 429.01
2232.98, 424.97
1145.43, 421.75
1422.13, 417.96
992.46, 422.51
2070.83, 416.56
2289.52, 393.28
2562.74, 391.45
269.01, 390.52
351.24, 391.64
642.36, 387.35
994.82, 391.53
2461.58, 371.05
1454.85, 389.61
1349.80, 377.31
1787.71, 370.75
1714.10, 357.43
2008.18, 370.32
447.56, 359.70
1123.61, 348.02
1498.69, 358.22
1386.69, 358.74
1335.13, 356.17
484.95, 354.45
2072.87, 352.01
2506.51, 346.75
1984.46, 334.68
2174.89, 316.64
372.14, 310.48
1181.82, 307.98
313.18, 298.14
1437.11, 279.63
1843.39, 272.97
2406.01, 276.89
1386.27, 274.00
663.17, 269.50
2367.32, 263.07
1508.82, 267.70
1585.80, 266.56
362.10, 263.07
409.03, 240.42
1677.77, 231.42
2059.59, 226.08
1891.93, 217.30
978.40, 216.16
703.24, 201.75
1702.72, 199.66
1779.00, 181.47
273.08, 182.13
1425.66, 158.23
409.77, 161.09
1902.38, 155.04
741.50, 159.23
1706.01, 160.16
2585.86, 149.22
1970.48, 153.65
1769.82, 152.78
2288.42, 155.35
1467.98, 135.96
2137.24, 143.52
270.51, 136.82
2292.73, 132.19
2469.41, 132.10
2311.43, 117.74
546.15, 110.04
1709.54, 106.85
1465.71, 104.09
504.37, 96.89
2227.28, 93.76
1931.86, 76.19
268.27, 77.88
2346.32, 79.42
2063.47, 78.30
1067.41, 73.96
1057.59, 66.37
2133.99, 59.98
1511.46, 54.81
1792.34, 53.72
1316.40, 40.19
2564.96, 50.99
1891.69, 36.74
2571.98, 33.52
950.99, 32.08
2066.00, 19.79
2269.67, 24.61
671.96, 24.15
913.53, 18.65
603.19, 17.93
569.68, -3.85
1496.54, -10.24
863.85, -17.76
622.31, -21.58
237.75, -21.84
1912.91, -22.84
1623.85, -41.08
2028.70, -42.04
1043.95, -37.34
820.46, -38.82
2066.24, -56.05
599.26, -53.36
662.85, -46.24
1083.48, -49.87
1824.19, -54.97
1536.23, -57.39
1116.75, -61.60
1279.45, -82.08
2293.57, -80.02
962.24, -83.71
2092.31, -87.87
2264.96, -81.50
1735.40, -93.84
2130.07, -95.01
1950.62, -104.44
2322.83, -104.98
804.54, -119.26
958.20, -117.34
2376.21, -126.80
1141.02, -121.87
1415.27, -136.68
2215.99, -139.18
1278.09, -141.41
1387.77, -158.90
515.56, -156.30
1820.59, -156.78
1436.61, -162.98
2570.93, -162.53
2032.47, -158.27
2006.95, -157.37
2169.95, -162.03
1716.22, -178.98
1499.31, -163.56
779.73, -167.28
1670.28, -182.33
903.35, -198.91
1729.32, -196.56
1768.54, -201.10
1980.03, -203.56
858.35, -207.27
1397.48, -205.70
679.96, -208.85
1355.63, -235.37
2180.66, -245.85
445.72, -232.86
428.62, -232.91
399.15, -237.77
2461.96, -261.52
1993.35, -258.49
2065.70, -263.52
1536.76, -279.84
1108.19, -278.50
2019.68, -285.61
1233.06, -291.61
384.38, -295.17
1675.81, -297.28
1316.40, -311.43
1277.65, -299.04
235.06, -316.81
2031.95, -317.32
285.22, -317.00
2409.17, -326.09
2100.99, -339.06
1784.86, -341.64
2422.78, -340.92
1817.65, -338.21
505.24, -394.16
246.61, -375.53
1255.42, -379.63
1628.18, -373.99
1702.59, -372.08
2523.20, -383.16
1097.12, -392.99
682.35, -393.54
2257.68, -397.47
1319.40, -401.22
547.01, -399.43
2298.83, -410.48
2230.07, -412.89
1155.13, -408.26
2413.39, -419.74
864.51, -417.00
1571.46, -433.25
1535.94, -444.78
1043.14, -439.05
1770.29, -438.62
640.50, -446.09
394.87, -445.11
1944.57, -460.09
876.38, -479.72
709.56, -471.10
1492.79, -473.57
1692.10, -483.92
2102.07, -474.67
2403.96, -480.28
2220.02, -490.47
1316.19, -493.22
1597.03, -512.61
330.24, -530.89
2384.42, -515.65
1096.76, -526.87
449.59, -521.14
566.26, -529.20
369.78, -535.91
1596.23, -539.01
1359.68, -560.75
1713.87, -555.04
2578.58, -562.75
245.11, -559.70
1983.57, -563.11
590.67, -563.16
2144.26, -573.58
822.07, -596.64
1834.19, -596.69
1312.25, -595.73
1692.47, -597.48
2521.83, -600.38
1147.22, -601.11
2267.87, -611.89
541.70, -610.98
1278.45, -606.92
700.39, -614.98
1872.13, -616.20
1056.58, -631.14
562.86, -645.28
1739.84, -647.70
327.04, -651.62
2044.23, -647.45
1263.16, -652.33
1185.82, -653.27
2339.43, -677.65
740.09, -675.13
393.96, -689.06
782.96, -678.61
2443.67, -689.20
2145.55, -685.94
2099.34, -690.14
2466.38, -695.93
2360.82, -698.03
251.14, -709.93
2336.51, -713.04
585.88, -708.65
2425.76, -720.39
1344.96, -711.24
683.62, -722.42
1616.39, -728.40
2126.05, -714.31
1238.72, -717.87
2190.09, -722.07
2387.00, -733.18
1514.52, -733.05
1702.61, -735.97
1868.28, -751.81
2215.98, -759.82
2004.95, -760.21
1850.83, -761.97
2045.37, -765.17
1951.00, -768.13
1253.28, -774.33
1544.89, -768.83
629.04, -794.29
277.64, -795.03
1808.08, -798.36
1853.92, -795.25
2021.71, -799.55
226.09, -798.64
444.24, -800.80
1688.14, -813.94
1596.06, -814.17
1635.63, -814.11
956.18, -827.61
1983.03, -831.12
2025.27, -835.63
1019.44, -844.06
1453.22, -844.59
1833.54, -850.83
2585.40, -845.49
2180.11, -846.38
1187.10, -853.17
936.67, -868.65
527.20, -869.70
226.22, -867.60
2306.78, -872.22
1496.77, -907.02
620.19, -879.08
679.30, -881.31
1596.63, -879.88
2455.62, -882.16
2366.69, -883.10
436.65, -887.90
480.74, -890.96
871.65, -893.99
1767.27, -894.70
646.11, -909.46
1078.83, -912.26
2535.28, -910.51
1199.80, -930.31
2044.31, -923.75
796.99, -925.66
1293.57, -933.29
2466.71, -935.26
724.52, -946.37
1911.73, -949.54
2503.10, -950.36
350.70, -954.45
1451.93, -959.89
284.12, -958.33
950.93, -956.67
440.21, -961.54
1712.16, -966.60
1333.09, -971.80
908.28, -971.37
1371.10, -973.83
1111.91, -989.50
464.96, -990.92
1529.98, -987.52
1949.59, -988.45
1714.21, -1004.33
1133.98, -995.27
2014.63, -995.09
1415.12, -1012.51
1449.56, -1014.54
2519.26, -1015.96
715.26, -1025.60
786.37, -1029.81
1120.65, -1026.87
1252.48, -1051.80
1939.75, -1054.05
2241.16, -1042.92
2381.12, -1041.98
1584.45, -1050.88
2332.16, -1055.73
1460.10, -1072.24
2129.99, -1069.18
645.48, -1067.39
342.91, -1081.01
540.79, -1080.74
676.00, -1082.55
2402.32, -1072.14
1574.28, -1087.67
819.61, -1081.92
1434.92, -1082.77
1897.70, -1085.52
1706.29, -1092.79
1410.77, -1106.90
667.95, -1108.17
863.00, -1104.84
578.87, -1114.89
1199.34, -1131.42
1924.97, -1151.15
737.56, -1151.94
1055.80, -1145.37
1539.15, -1150.25
1775.68, -1147.41
2018.69, -1147.58
1746.64, -1152.20
2379.96, -1162.31
1659.33, -1166.28
343.32, -1169.32
1144.10, -1184.01
480.75, -1197.30
2320.85, -1197.15
521.76, -1205.12
1910.65, -1207.76
1141.01, -1208.15
904.07, -1227.00
1436.68, -1226.48
2124.43, -1234.46
382.17, -1235.53
1885.39, -1246.65
2584.44, -1242.13
2498.37, -1245.06
287.07, -1244.04
1416.03, -1248.19
1811.97, -1252.33
2029.38, -1252.64
424.67, -1261.51
584.08, -1262.28
1118.90, -1271.76
1094.63, -1276.61
552.10, -1276.14
980.97, -1279.91
1251.94, -1288.45
1979.74, -1291.02
500.52, -1307.87
1772.36, -1307.81
707.87, -1308.40
1658.24, -1309.10
2085.79, -1312.49
2379.65, -1305.80
1136.86, -1308.81
1341.87, -1311.06
1380.28, -1315.26
1226.38, -1324.94
2300.82, -1323.87
1858.06, -1326.14
1810.76, -1330.84
913.65, -1342.67
1772.55, -1357.98
657.14, -1344.05
1269.28, -1353.03
1792.78, -1350.98
1710.51, -1354.62
1238.35, -1361.59
2049.44, -1358.81
2570.33, -1366.12
1863.70, -1371.39
2438.68, -1372.63
1470.68, -1391.71
475.80, -1397.54
842.30, -1399.58
2558.33, -1408.53
937.47, -1403.88
629.25, -1407.79
1032.69, -1408.02
1000.60, -1427.12
382.30, -1421.35
2295.99, -1425.98
2187.97, -1426.53
1776.67, -1444.53
1867.26, -1444.96
1656.11, -1439.49
1618.32, -1444.78
499.24, -1444.90
705.26, -1447.77
2164.66, -1451.24
1535.11, -1462.52
395.13, -1459.46
504.22, -1462.43
981.37, -1465.53
236.14, -1471.76
1899.45, -1463.34
1990.39, -1467.76
1592.17, -1470.25
2386.15, -1468.04
1135.27, -1471.68
341.06, -1473.09
1338.06, -1482.14
2332.51, -1484.43
1729.58, -1508.71
559.53, -1512.08
1703.34, -1518.29
622.97, -1522.03
1569.27, -1528.16
555.40, -1526.80
1315.90, -1527.72
2398.76, -1528.52
2284.62, -1546.10
1237.40, -1558.84
1475.05, -1542.07
1105.52, -1549.67
1705.62, -1566.41
956.78, -1558.10
819.00, -1564.83
1554.21, -1567.53
224.91, -1580.25
432.27, -1579.47
1267.30, -1592.19
2025.62, -1601.90
2580.72, -1601.07
1698.58, -1606.98
