2297.34, 747.39
1867.14, 749.93
1637.43, 750.63
683.21, 741.11
1973.56, 735.72
1821.51, 736.03
1642.83, 731.48
475.50, 734.75
369.22, 732.73
1906.18, 726.70
606.86, 696.52
1719.06, 689.19
488.84, 691.14
1206.29, 673.79
1669.79, 672.23
1380.03, 671.56
847.26, 669.85
1112.93, 667.95
593.55, 664.95
2613.84, 654.31
565.70, 657.42
2651.90, 654.77
436.36, 652.59
1917.01, 645.98
1006.68, 632.77
410.41, 619.44
1346.64, 623.02
2588.56, 614.26
2019.89, 614.58
1519.69, 591.43
909.82, 594.73
2571.96, 588.28
512.96, 582.91
1120.39, 555.75
1985.03, 552.12
1433.15, 528.73
981.74, 541.01
402.13, 534.05
1151.47, 533.04
2668.77, 525.57
1520.36, 498.91
587.42, 504.05
1812.29, 509.02
2263.90, 511.21
483.17, 502.72
2579.74, 504.22
2422.08, 494.05
1784.50, 490.46
555.77, 474.47
1189.88, 472.89
1737.76, 468.17
2052.72, 461.33
2156.38, 462.88
1342.06, 430.54
1482.27, 418.85
1669.77, 424.17
2425.82, 414.79
2704.35, 423.25
484.82, 418.83
1113.55, 421.43
1266.33, 419.84
1542.91, 415.28
2352.88, 418.89
2190.60, 411.88
965.49, 413.44
1895.43, 411.34
390.62, 391.53
763.88, 386.97
473.01, 392.13
1116.33, 390.29
2409.97, 388.13
2682.63, 385.38
2581.42, 365.28
1470.32, 374.95
1908.19, 367.15
1834.72, 353.91
569.06, 359.99
1244.16, 346.33
1455.20, 354.57
1507.39, 356.47
1619.60, 355.45
607.39, 354.43
2192.64, 347.32
1470.16, 348.49
2625.20, 340.76
2104.17, 330.13
493.63, 310.92
2294.53, 311.82
1302.12, 306.23
434.42, 299.10
805.53, 293.63
1557.44, 277.05
1962.55, 268.53
1506.30, 271.32
2525.94, 271.46
784.38, 269.60
1629.21, 265.12
1706.30, 263.65
2486.95, 257.63
483.23, 263.12
530.23, 241.32
1798.30, 228.67
2179.10, 221.52
1098.76, 215.00
2011.95, 213.01
824.06, 201.30
1822.87, 196.51
394.24, 181.97
1898.94, 177.96
530.81, 161.49
1545.70, 155.78
2023.11, 151.00
862.89, 158.25
2089.99, 149.49
1889.72, 149.30
2407.13, 151.06
2705.11, 143.40
1587.74, 133.07
2255.92, 138.55
391.70, 137.99
2412.19, 127.52
2588.15, 126.44
625.09, 96.96
1585.57, 101.37
1829.41, 103.52
2346.25, 89.08
2216.46, 89.41
388.87, 78.84
2052.06, 72.11
2465.45, 74.43
1180.23, 67.76
2182.42, 73.74
832.58, 60.58
2253.29, 55.77
1912.30, 50.50
1436.09, 38.30
2010.92, 32.86
1070.88, 31.35
2690.89, 27.80
2388.81, 20.02
2185.11, 15.49
1034.36, 18.33
1615.97, -12.69
983.62, -18.17
742.32, -21.36
357.92, -20.07
2032.21, -27.45
1744.06, -40.85
2147.70, -46.19
718.88, -53.16
781.91, -45.68
1203.15, -51.05
1360.09, -50.83
2185.03, -60.37
1943.26, -58.56
1655.45, -59.56
1738.10, -57.56
1235.80, -62.91
1398.87, -83.97
1081.90, -84.46
2412.01, -84.81
2210.91, -92.17
1854.59, -96.80
2249.01, -99.47
2069.39, -108.28
2441.40, -110.36
923.97, -119.48
1077.83, -118.37
2494.67, -132.05
2583.86, -135.14
1534.92, -138.45
2334.45, -143.95
1397.16, -143.17
634.90, -155.74
1506.75, -161.16
1939.07, -160.47
1555.64, -165.24
2151.03, -162.56
1618.03, -166.08
2689.32, -168.24
2288.95, -167.27
1835.10, -182.04
1789.21, -185.40
1022.22, -199.23
2098.93, -207.31
977.73, -207.83
799.09, -208.12
1515.79, -207.38
564.94, -231.67
2299.54, -250.20
1474.78, -237.18
547.70, -231.96
518.60, -236.71
2112.23, -262.31
2576.09, -267.28
2184.22, -267.28
1227.28, -279.50
1655.57, -282.12
2138.01, -289.71
503.81, -294.04
1351.69, -292.83
1435.76, -313.63
1396.62, -300.52
1794.32, -303.04
1270.83, -296.05
354.29, -315.18
404.48, -316.56
2151.11, -320.64
604.15, -329.18
2527.46, -331.11
1903.65, -344.74
1936.65, -341.60
2219.23, -343.03
2541.19, -345.93
1374.20, -381.00
365.58, -373.94
1821.12, -374.59
1746.84, -376.71
625.24, -404.86
1215.70, -393.87
2641.63, -388.69
1437.04, -403.01
2417.30, -415.16
1274.34, -409.44
2348.48, -417.46
2531.64, -424.74
983.16, -416.90
1689.99, -435.65
1654.34, -446.90
1161.71, -439.83
1888.81, -441.33
759.44, -445.52
514.07, -443.81
2062.86, -463.67
828.47, -469.96
995.04, -479.71
1611.37, -475.55
2220.89, -478.52
1810.49, -486.41
2522.98, -485.64
2338.17, -494.69
1430.30, -494.52
448.86, -529.21
568.18, -519.41
2503.29, -520.44
1214.85, -527.56
685.34, -527.71
488.54, -534.53
1714.05, -541.16
1477.92, -562.22
364.13, -557.81
1831.78, -557.82
2696.49, -567.77
2101.40, -566.53
940.34, -596.88
1430.28, -597.08
1952.17, -599.36
1265.22, -602.03
659.81, -609.85
2639.51, -605.45
1396.74, -607.93
818.65, -614.46
2385.79, -616.29
1990.02, -619.34
1174.45, -631.47
679.80, -644.24
1858.31, -649.67
445.58, -649.79
1381.68, -653.32
2162.96, -650.91
1304.08, -653.85
2457.79, -681.82
900.79, -678.16
511.96, -687.47
2264.25, -689.68
2217.58, -693.71
2561.80, -694.56
2584.86, -700.57
369.12, -708.05
2478.54, -702.46
704.00, -707.66
2454.62, -717.19
801.56, -721.57
1464.42, -711.82
1356.57, -718.85
1734.39, -730.30
2243.97, -717.89
2544.05, -724.64
2308.07, -725.74
1632.92, -734.80
1820.43, -738.08
2505.44, -737.19
2527.59, -739.49
2123.01, -763.25
2334.05, -763.59
1969.12, -764.60
2163.29, -768.30
2069.24, -771.45
1371.06, -775.30
746.77, -793.34
395.67, -793.07
561.93, -799.52
2139.79, -802.90
1927.28, -800.40
1805.84, -815.90
1753.48, -816.56
1073.60, -827.32
2101.14, -834.13
1570.72, -846.34
1137.48, -844.91
1951.43, -853.44
2702.82, -849.98
1054.10, -868.57
343.82, -865.28
644.71, -868.46
2424.63, -876.04
1614.55, -894.07
796.74, -880.31
1714.10, -881.17
554.27, -886.09
2573.85, -886.38
989.17, -893.27
1884.79, -896.70
763.50, -908.43
1196.30, -912.43
1317.31, -930.95
2652.81, -915.36
1612.77, -935.11
913.97, -925.06
2161.60, -927.29
1411.20, -934.67
841.66, -945.49
468.40, -952.31
2029.38, -951.77
2620.08, -955.07
401.33, -955.96
1569.23, -961.30
1068.49, -956.33
557.51, -959.60
1450.27, -972.91
1025.80, -971.00
1488.25, -974.49
1229.17, -989.94
581.90, -989.24
1646.76, -989.12
2066.98, -991.52
1831.48, -1005.95
2132.00, -998.13
1567.41, -1015.41
2636.44, -1020.03
832.58, -1024.11
903.84, -1028.60
1369.63, -1052.11
2056.77, -1056.54
1701.02, -1052.12
1497.09, -1055.45
2448.77, -1059.27
762.62, -1066.37
1577.24, -1073.18
2246.90, -1072.04
460.36, -1078.70
658.36, -1078.85
793.32, -1080.88
937.17, -1080.79
2464.49, -1076.06
2518.41, -1075.77
1691.36, -1088.91
2014.96, -1087.92
1823.43, -1094.52
1527.89, -1107.63
785.50, -1106.28
980.09, -1103.96
696.08, -1112.97
1316.62, -1131.08
2041.66, -1153.52
1172.61, -1144.22
854.51, -1150.40
1892.51, -1149.13
1863.49, -1153.80
2496.55, -1165.94
460.24, -1167.11
1262.26, -1185.07
597.77, -1194.93
937.85, -1196.51
1355.58, -1196.28
638.76, -1203.18
2437.19, -1200.80
1257.59, -1208.10
2027.42, -1210.00
2002.02, -1248.60
403.64, -1241.39
2701.04, -1245.96
2614.35, -1249.42
1532.33, -1249.20
1928.80, -1254.45
541.53, -1259.25
1235.30, -1271.59
668.90, -1274.26
1211.24, -1276.52
1097.47, -1279.13
2095.75, -1294.49
617.18, -1305.63
824.62, -1306.45
1457.86, -1311.27
1774.00, -1310.39
1252.66, -1308.47
2201.05, -1315.61
1496.47, -1315.81
1342.27, -1325.14
1973.97, -1328.24
1926.44, -1332.76
2416.76, -1327.95
1029.59, -1341.65
773.16, -1343.60
1887.26, -1346.19
1385.10, -1353.34
1908.59, -1352.69
1056.24, -1353.57
1826.31, -1356.20
1354.28, -1361.95
1888.55, -1363.99
2164.40, -1361.39
2685.40, -1370.49
1979.28, -1373.55
2553.90, -1376.68
1586.50, -1392.63
592.19, -1395.10
958.61, -1398.19
1052.86, -1403.16
744.92, -1405.66
1149.04, -1406.59
2565.42, -1406.96
2673.46, -1413.08
1116.69, -1426.27
498.71, -1418.68
2411.08, -1429.45
617.15, -1446.41
1771.73, -1440.79
1892.06, -1446.13
1982.52, -1447.26
821.36, -1445.87
1734.18, -1446.07
2279.16, -1454.53
1097.54, -1464.52
1650.65, -1463.56
352.55, -1468.52
2014.61, -1465.52
1250.93, -1471.47
2105.11, -1470.63
1707.69, -1471.50
457.48, -1470.64
2500.54, -1471.95
1453.66, -1482.40
675.52, -1509.24
1845.23, -1509.67
1818.78, -1519.28
738.23, -1519.68
671.17, -1524.17
1684.46, -1528.69
1431.81, -1528.73
2399.95, -1549.24
1352.78, -1558.51
1590.37, -1542.78
1221.04, -1548.96
1820.50, -1569.84
1072.18, -1557.22
934.13, -1562.82
1209.63, -1565.27
1670.03, -1568.08
340.52, -1576.71
1382.33, -1592.10
2695.70, -1605.14
2141.21, -1605.27
