1, 57.95, 9.72, 193.00, 7.84
2, 1020.07, 7.09, 97.00, 5.56
3, 1263.75, 5.03, 51.00, 4.03
4, 1781.05, 19.68, 164.00, 7.23
5, 65.89, 24.98, 70.00, 4.72
6, 1899.61, 33.78, 30.00, 3.09
7, 611.43, 42.77, 33.00, 3.24
8, 1445.44, 75.62, 471.00, 12.24
9, 870.83, 70.09, 128.00, 6.38
10, 505.45, 77.20, 92.00, 5.41
11, 1619.78, 92.97, 339.00, 10.39
12, 1823.87, 88.63, 92.00, 5.41
13, 1050.48, 121.47, 195.00, 7.88
14, 417.81, 127.02, 159.00, 7.11
15, 176.15, 130.25, 238.00, 8.70
16, 1178.51, 149.40, 135.00, 6.56
17, 1582.36, 154.52, 325.00, 10.17
18, 152.91, 161.99, 232.00, 8.59
19, 637.64, 160.36, 66.00, 4.58
20, 1619.85, 168.72, 392.00, 11.17
21, 1377.70, 167.19, 150.00, 6.91
22, 1172.43, 165.60, 45.00, 3.78
23, 670.86, 171.54, 88.00, 5.29
24, 516.16, 193.32, 372.00, 10.88
25, 832.83, 192.61, 365.00, 10.78
26, 1846.95, 193.12, 280.00, 9.44
27, 851.75, 192.30, 52.00, 4.07
28, 1645.72, 200.58, 337.00, 10.36
29, 1289.04, 205.42, 62.00, 4.44
30, 1683.61, 207.73, 131.00, 6.46
31, 1504.08, 216.64, 142.00, 6.72
32, 358.25, 228.35, 161.00, 7.16
33, 512.53, 226.65, 36.00, 3.39
34, 1769.10, 252.28, 84.00, 5.17
35, 831.59, 251.84, 57.00, 4.26
36, 68.94, 264.60, 268.00, 9.24
37, 941.30, 269.86, 343.00, 10.45
38, 1373.81, 268.86, 174.00, 7.44
39, 990.13, 273.75, 236.00, 8.67
40, 1052.54, 274.30, 88.00, 5.29
41, 1723.26, 275.37, 96.00, 5.53
42, 1269.33, 290.81, 499.00, 12.60
43, 1223.48, 294.23, 104.00, 5.75
44, 456.91, 308.03, 72.00, 4.79
45, 1533.38, 316.06, 104.00, 5.75
46, 232.97, 317.38, 45.00, 3.78
47, 1.74, 340.59, 41.00, 3.61
48, 908.98, 345.95, 270.00, 9.27
49, 1733.74, 358.80, 782.00, 15.78
50, 1546.30, 371.01, 204.00, 8.06
51, 1618.15, 376.22, 30.00, 3.09
52, 661.80, 388.45, 103.00, 5.73
53, 1089.64, 391.03, 104.00, 5.75
54, 785.91, 401.29, 56.00, 4.22
55, 830.68, 409.34, 187.00, 7.72
56, 1228.42, 412.28, 173.00, 7.42
57, 1585.31, 429.17, 49.00, 3.95
58, 1370.83, 450.37, 78.00, 4.98
59, 1337.78, 453.80, 182.00, 7.61
60, 808.25, 489.97, 240.00, 8.74
61, 1254.89, 483.60, 60.00, 4.37
62, 1180.99, 485.67, 55.00, 4.18
63, 649.89, 502.58, 406.00, 11.37
64, 1851.69, 523.83, 235.00, 8.65
65, 1782.77, 525.86, 175.00, 7.46
66, 417.91, 525.61, 46.00, 3.83
67, 57.18, 543.38, 248.00, 8.88
68, 1123.70, 544.36, 33.00, 3.24
69, 1088.48, 555.71, 461.00, 12.11
70, 596.34, 548.57, 41.00, 3.61
71, 193.68, 554.31, 187.00, 7.72
72, 1496.72, 572.53, 375.00, 10.93
73, 429.36, 588.70, 374.00, 10.91
74, 1045.58, 584.19, 94.00, 5.47
75, 1244.38, 595.25, 172.00, 7.40
76, 1772.28, 603.18, 231.00, 8.57
77, 649.02, 636.39, 145.00, 6.79
78, 1148.34, 650.27, 83.00, 5.14
79, 911.71, 671.14, 476.00, 12.31
80, 1266.40, 666.17, 45.00, 3.78
81, 1535.86, 674.65, 61.00, 4.41
82, 374.21, 705.65, 35.00, 3.34
83, 1386.56, 708.31, 72.00, 4.79
84, 93.91, 718.98, 173.00, 7.42
85, 252.75, 723.29, 186.00, 7.69
86, 1820.23, 724.89, 223.00, 8.43
87, 1423.74, 728.06, 60.00, 4.37
88, 608.83, 740.27, 41.00, 3.61
89, 1291.55, 758.76, 78.00, 4.98
90, 815.28, 762.15, 80.00, 5.05
91, 1891.47, 790.86, 289.00, 9.59
92, 333.87, 787.49, 55.00, 4.18
93, 1651.85, 802.80, 68.00, 4.65
94, 137.91, 816.42, 62.00, 4.44
95, 1888.54, 826.04, 320.00, 10.09
96, 235.77, 830.68, 337.00, 10.36
97, 790.75, 827.63, 114.00, 6.02
98, 1168.14, 839.34, 581.00, 13.60
99, 1741.82, 834.28, 170.00, 7.36
100, 1066.75, 844.05, 33.00, 3.24
101, 1253.81, 846.87, 43.00, 3.70
102, 1767.85, 872.48, 467.00, 12.19
103, 1556.50, 872.10, 193.00, 7.84
104, 1402.54, 873.52, 169.00, 7.33
105, 1596.86, 877.07, 95.00, 5.50
106, 1503.08, 879.99, 99.00, 5.61
107, 804.92, 884.57, 183.00, 7.63
108, 180.84, 902.40, 684.00, 14.76
109, 1573.61, 911.81, 128.00, 6.38
110, 1239.39, 925.21, 54.00, 4.15
111, 507.97, 936.64, 161.00, 7.16
112, 1534.97, 943.17, 109.00, 5.89
113, 1004.64, 955.29, 53.00, 4.11
114, 1385.41, 961.80, 49.00, 3.95
115, 488.26, 977.57, 434.00, 11.75
116, 78.47, 977.48, 89.00, 5.32
117, 1858.97, 985.22, 55.00, 4.18
118, 1068.35, 991.22, 167.00, 7.29
119, 230.93, 989.42, 80.00, 5.05
120, 1045.20, 1004.93, 343.00, 10.45
121, 423.31, 1002.59, 123.00, 6.26
122, 1318.99, 1005.89, 55.00, 4.18
123, 197.53, 1018.00, 125.00, 6.31
124, 630.27, 1021.41, 209.00, 8.16
125, 751.42, 1040.08, 853.00, 16.48
126, 1046.64, 1044.10, 338.00, 10.37
127, 1595.44, 1036.21, 58.00, 4.30
128, 276.25, 1054.40, 119.00, 6.15
129, 1463.26, 1061.08, 75.00, 4.89
130, 1002.93, 1070.15, 269.00, 9.25
131, 1484.06, 35.95, 279.00, 9.42
132, 1500.84, 38.10, 188.00, 7.74
133, 862.86, 409.45, 224.00, 8.44
134, 871.39, 424.75, 535.00, 13.05
135, 57.98, 500.68, 419.00, 11.55
136, 63.15, 522.68, 324.00, 10.16
137, 859.49, 603.40, 139.00, 6.65
138, 872.14, 603.52, 113.00, 6.00
