1, 64.47, 7.15, 115.00, 6.05
2, 1871.57, 9.43, 89.00, 5.32
3, 1026.45, 12.61, 129.00, 6.41
4, 1270.17, 12.58, 69.00, 4.69
5, 72.28, 22.57, 83.00, 5.14
6, 1787.41, 30.77, 222.00, 8.41
7, 1491.55, 45.52, 511.00, 12.75
8, 618.72, 45.12, 86.00, 5.23
9, 1906.01, 46.54, 76.00, 4.92
10, 1352.83, 66.45, 31.00, 3.14
11, 876.61, 74.68, 241.00, 8.76
12, 511.27, 78.71, 111.00, 5.94
13, 1451.71, 84.69, 524.00, 12.91
14, 1625.46, 103.16, 433.00, 11.74
15, 1828.99, 100.55, 80.00, 5.05
16, 182.30, 128.10, 355.00, 10.63
17, 423.39, 127.46, 195.00, 7.88
18, 1056.01, 126.93, 210.00, 8.18
19, 1472.00, 144.24, 87.00, 5.26
20, 222.18, 153.54, 42.00, 3.66
21, 158.17, 160.06, 208.00, 8.14
22, 1183.91, 155.89, 67.00, 4.62
23, 642.79, 162.21, 115.00, 6.05
24, 1587.59, 164.79, 305.00, 9.85
25, 1624.71, 179.02, 589.00, 13.69
26, 1382.84, 175.36, 255.00, 9.01
27, 1095.14, 174.36, 152.00, 6.96
28, 675.80, 173.61, 50.00, 3.99
29, 520.82, 194.66, 582.00, 13.61
30, 1851.74, 205.58, 283.00, 9.49
31, 1650.58, 210.97, 327.00, 10.20
32, 1294.02, 213.26, 71.00, 4.75
33, 1688.48, 218.34, 153.00, 6.98
34, 362.73, 228.18, 130.00, 6.43
35, 1508.83, 225.88, 80.00, 5.05
36, 1881.03, 230.81, 34.00, 3.29
37, 73.47, 262.04, 438.00, 11.81
38, 835.91, 255.46, 78.00, 4.98
39, 1773.86, 263.41, 55.00, 4.18
40, 945.77, 274.95, 479.00, 12.35
41, 994.20, 279.10, 279.00, 9.42
42, 1378.02, 277.22, 183.00, 7.63
43, 1057.04, 280.31, 124.00, 6.28
44, 1272.88, 297.76, 986.00, 17.72
45, 1727.89, 286.45, 124.00, 6.28
46, 1227.97, 300.83, 142.00, 6.72
47, 460.53, 308.83, 95.00, 5.50
48, 237.19, 316.44, 103.00, 5.73
49, 416.19, 316.59, 52.00, 4.07
50, 1285.93, 316.53, 44.00, 3.74
51, 1536.93, 325.83, 122.00, 6.23
52, 3.73, 337.52, 110.00, 5.92
53, 912.57, 350.75, 326.00, 10.19
54, 1761.49, 369.03, 105.00, 5.78
55, 1707.35, 370.63, 33.00, 3.24
56, 1549.21, 380.32, 390.00, 11.14
57, 664.91, 390.70, 108.00, 5.86
58, 1093.27, 397.03, 167.00, 7.29
59, 833.83, 413.00, 225.00, 8.46
60, 1575.61, 408.50, 33.00, 3.24
61, 1231.55, 417.45, 184.00, 7.65
62, 41.20, 436.05, 43.00, 3.70
63, 1587.72, 439.61, 90.00, 5.35
64, 1340.35, 461.28, 299.00, 9.76
65, 1373.24, 457.99, 138.00, 6.63
66, 1656.51, 462.38, 108.00, 5.86
67, 826.78, 471.47, 148.00, 6.86
68, 811.23, 492.83, 283.00, 9.49
69, 1183.38, 491.85, 95.00, 5.50
70, 653.17, 505.67, 725.00, 15.19
71, 875.53, 515.91, 38.00, 3.48
72, 419.47, 526.40, 39.00, 3.52
73, 1853.60, 536.01, 441.00, 11.85
74, 1784.63, 537.70, 201.00, 8.00
75, 195.72, 552.88, 238.00, 8.70
76, 598.77, 550.51, 37.00, 3.43
77, 1090.79, 561.64, 751.00, 15.46
78, 1324.90, 558.38, 86.00, 5.23
79, 1498.54, 581.26, 531.00, 13.00
80, 588.48, 582.74, 172.00, 7.40
81, 431.03, 589.16, 334.00, 10.31
82, 1047.36, 590.05, 117.00, 6.10
83, 1245.89, 602.53, 183.00, 7.63
84, 1773.72, 614.97, 303.00, 9.82
85, 3.67, 625.65, 51.00, 4.03
86, 650.47, 638.66, 117.00, 6.10
87, 1149.62, 656.42, 68.00, 4.65
88, 912.52, 675.59, 956.00, 17.44
89, 1266.87, 673.76, 60.00, 4.37
90, 1536.84, 684.80, 79.00, 5.01
91, 374.99, 705.42, 130.00, 6.43
92, 94.76, 716.28, 139.00, 6.65
93, 253.94, 721.79, 342.00, 10.43
94, 1387.10, 716.19, 58.00, 4.30
95, 1820.15, 736.71, 340.00, 10.40
96, 1424.33, 736.78, 91.00, 5.38
97, 609.59, 742.41, 50.00, 3.99
98, 114.43, 750.67, 37.00, 3.43
99, 815.45, 765.82, 143.00, 6.75
100, 1292.09, 766.16, 126.00, 6.33
101, 737.82, 765.86, 37.00, 3.43
102, 292.02, 782.26, 41.00, 3.61
103, 335.15, 786.99, 60.00, 4.37
104, 1891.45, 803.35, 318.00, 10.06
105, 1698.11, 809.44, 44.00, 3.74
106, 138.04, 814.70, 136.00, 6.58
107, 1651.04, 813.28, 79.00, 5.01
108, 235.14, 829.30, 435.00, 11.77
109, 790.36, 830.86, 81.00, 5.08
110, 1167.90, 845.64, 811.00, 16.07
111, 1888.16, 839.11, 453.00, 12.01
112, 1677.77, 838.12, 58.00, 4.30
113, 1741.23, 846.02, 163.00, 7.20
114, 1066.25, 849.65, 60.00, 4.37
115, 1556.22, 881.99, 442.00, 11.86
116, 1767.17, 884.21, 579.00, 13.58
117, 1401.70, 881.80, 219.00, 8.35
118, 804.80, 887.49, 243.00, 8.79
119, 180.08, 900.84, 1014.00, 17.97
120, 1596.39, 887.46, 91.00, 5.38
121, 1502.03, 889.41, 106.00, 5.81
122, 1358.70, 917.84, 190.00, 7.78
123, 1572.26, 921.54, 152.00, 6.96
124, 1238.38, 932.17, 75.00, 4.89
125, 506.72, 937.88, 142.00, 6.72
126, 1533.49, 952.75, 79.00, 5.01
127, 569.59, 955.31, 37.00, 3.43
128, 1003.39, 960.54, 73.00, 4.82
129, 1383.46, 970.83, 118.00, 6.13
130, 487.29, 979.05, 467.00, 12.19
131, 76.66, 975.35, 115.00, 6.05
132, 229.17, 988.61, 82.00, 5.11
133, 1856.36, 997.38, 96.00, 5.53
134, 421.37, 1002.78, 143.00, 6.75
135, 195.45, 1016.41, 162.00, 7.18
136, 1316.95, 1013.53, 75.00, 4.89
137, 628.32, 1023.53, 253.00, 8.97
138, 748.69, 1042.70, 1715.00, 23.36
139, 345.92, 1033.65, 71.00, 4.75
140, 1593.77, 1046.01, 77.00, 4.95
141, 273.67, 1053.87, 53.00, 4.11
142, 1000.93, 1074.27, 271.00, 9.29
143, 1460.50, 1070.32, 89.00, 5.32
144, 837.53, 196.58, 516.00, 12.82
145, 855.71, 196.19, 122.00, 6.23
146, 1737.35, 347.09, 160.00, 7.14
147, 1737.11, 370.08, 1049.00, 18.27
148, 866.15, 413.12, 292.00, 9.64
149, 873.65, 429.45, 615.00, 13.99
150, 60.73, 498.43, 569.00, 13.46
151, 65.68, 519.62, 506.00, 12.69
152, 59.73, 540.62, 295.00, 9.69
153, 861.36, 607.59, 125.00, 6.31
154, 873.75, 607.64, 78.00, 4.98
155, 1065.86, 996.96, 246.00, 8.85
156, 1043.82, 1010.09, 615.00, 13.99
157, 1044.82, 1049.04, 587.00, 13.67
