1, 1017.93, 6.49, 117.00, 6.10
2, 55.89, 8.67, 114.00, 6.02
3, 1778.83, 18.60, 183.00, 7.63
4, 63.87, 24.28, 105.00, 5.78
5, 1897.83, 33.66, 100.00, 5.64
6, 610.25, 42.76, 81.00, 5.08
7, 1443.59, 75.20, 752.00, 15.47
8, 868.53, 69.67, 226.00, 8.48
9, 502.98, 76.18, 120.00, 6.18
10, 1821.11, 87.79, 241.00, 8.76
11, 1617.67, 92.36, 365.00, 10.78
12, 1048.25, 120.74, 229.00, 8.54
13, 174.46, 128.71, 337.00, 10.36
14, 415.80, 125.99, 200.00, 7.98
15, 1464.37, 134.84, 75.00, 4.89
16, 1176.64, 148.72, 70.00, 4.72
17, 1580.12, 154.21, 293.00, 9.66
18, 215.17, 153.75, 37.00, 3.43
19, 635.56, 158.81, 126.00, 6.33
20, 150.87, 160.97, 212.00, 8.21
21, 1617.45, 168.03, 527.00, 12.95
22, 1375.63, 166.49, 193.00, 7.84
23, 1087.35, 167.61, 75.00, 4.89
24, 513.75, 192.39, 312.00, 9.97
25, 1844.97, 192.88, 259.00, 9.08
26, 1643.48, 199.89, 313.00, 9.98
27, 1681.55, 207.10, 158.00, 7.09
28, 1287.24, 204.40, 64.00, 4.51
29, 1502.10, 215.73, 76.00, 4.92
30, 355.83, 227.48, 103.00, 5.73
31, 1917.26, 239.90, 69.00, 4.69
32, 829.35, 251.05, 66.00, 4.58
33, 1767.11, 251.52, 30.00, 3.09
34, 66.96, 263.36, 517.00, 12.83
35, 939.28, 269.32, 472.00, 12.26
36, 1371.42, 268.09, 158.00, 7.09
37, 987.76, 273.13, 278.00, 9.41
38, 1050.64, 273.88, 127.00, 6.36
39, 1721.12, 274.85, 64.00, 4.51
40, 1266.75, 289.86, 429.00, 11.69
41, 1221.41, 293.18, 116.00, 6.08
42, 454.52, 306.90, 63.00, 4.48
43, 410.05, 315.27, 86.00, 5.23
44, 231.00, 316.33, 62.00, 4.44
45, 1530.96, 315.63, 31.00, 3.14
46, 906.60, 345.47, 292.00, 9.64
47, 1731.25, 358.21, 914.00, 17.06
48, 1543.48, 369.97, 389.00, 11.13
49, 1616.66, 375.48, 37.00, 3.43
50, 659.00, 387.28, 111.00, 5.94
51, 1087.42, 390.50, 154.00, 7.00
52, 1569.84, 397.70, 40.00, 3.57
53, 1225.89, 409.19, 302.00, 9.80
54, 828.55, 408.45, 132.00, 6.48
55, 1174.69, 425.59, 160.00, 7.14
56, 1582.32, 428.74, 87.00, 5.26
57, 1335.29, 452.54, 290.00, 9.61
58, 1368.35, 449.39, 108.00, 5.86
59, 1651.16, 451.03, 40.00, 3.57
60, 1252.72, 483.09, 91.00, 5.38
61, 806.18, 489.06, 169.00, 7.33
62, 648.37, 502.31, 493.00, 12.53
63, 870.92, 509.86, 36.00, 3.39
64, 1849.27, 523.33, 299.00, 9.76
65, 1780.29, 525.53, 170.00, 7.36
66, 1086.50, 554.91, 810.00, 16.06
67, 191.44, 553.31, 234.00, 8.63
68, 1494.24, 571.49, 534.00, 13.04
69, 584.52, 579.99, 177.00, 7.51
70, 426.99, 587.67, 339.00, 10.39
71, 1043.78, 583.34, 32.00, 3.19
72, 1242.11, 594.58, 188.00, 7.74
73, 1769.88, 602.68, 299.00, 9.76
74, 1806.44, 629.17, 50.00, 3.99
75, 646.79, 635.26, 67.00, 4.62
76, 1146.20, 649.45, 64.00, 4.51
77, 1533.17, 674.38, 77.00, 4.95
78, 250.97, 721.75, 316.00, 10.03
79, 1817.26, 724.14, 356.00, 10.65
80, 90.51, 718.05, 39.00, 3.52
81, 1421.43, 727.21, 91.00, 5.38
82, 1289.40, 758.13, 120.00, 6.18
83, 813.13, 761.30, 140.00, 6.68
84, 332.69, 786.62, 60.00, 4.37
85, 1889.02, 790.34, 145.00, 6.79
86, 1696.22, 797.58, 35.00, 3.34
87, 1648.80, 802.17, 92.00, 5.41
88, 135.63, 815.57, 149.00, 6.89
89, 1886.01, 825.96, 267.00, 9.22
90, 233.19, 829.65, 278.00, 9.41
91, 1165.92, 838.32, 818.00, 16.14
92, 788.23, 826.75, 59.00, 4.33
93, 1675.46, 826.26, 51.00, 4.03
94, 1739.26, 834.08, 172.00, 7.40
95, 1063.89, 843.26, 80.00, 5.05
96, 1765.44, 871.91, 285.00, 9.52
97, 1399.91, 872.65, 229.00, 8.54
98, 1554.27, 871.55, 197.00, 7.92
99, 1594.31, 876.26, 69.00, 4.69
100, 803.04, 883.02, 234.00, 8.63
101, 178.59, 901.35, 1027.00, 18.08
102, 1500.09, 879.74, 40.00, 3.57
103, 1570.89, 911.09, 98.00, 5.59
104, 1237.22, 924.74, 60.00, 4.37
105, 505.28, 935.62, 99.00, 5.61
106, 1532.14, 942.43, 96.00, 5.53
107, 1002.36, 954.38, 54.00, 4.15
108, 1382.51, 961.55, 139.00, 6.65
109, 486.43, 977.11, 658.00, 14.47
110, 75.92, 976.56, 162.00, 7.18
111, 1855.49, 985.03, 497.00, 12.58
112, 227.69, 988.70, 63.00, 4.48
113, 420.84, 1001.10, 163.00, 7.20
114, 1316.47, 1005.50, 46.00, 3.83
115, 194.85, 1016.84, 167.00, 7.29
116, 748.31, 1038.62, 1550.00, 22.21
117, 1593.07, 1035.28, 89.00, 5.32
118, 1460.13, 1060.98, 65.00, 4.55
119, 1000.82, 1069.21, 364.00, 10.76
120, 1482.19, 35.53, 323.00, 10.14
121, 1498.19, 37.58, 100.00, 5.64
122, 830.35, 191.88, 501.00, 12.63
123, 848.84, 191.88, 121.00, 6.21
124, 860.97, 408.30, 280.00, 9.44
125, 868.49, 424.41, 560.00, 13.35
126, 56.09, 499.92, 756.00, 15.51
127, 60.92, 521.19, 398.00, 11.26
128, 55.35, 542.08, 228.00, 8.52
129, 857.39, 602.64, 120.00, 6.18
130, 869.96, 602.72, 87.00, 5.26
131, 927.52, 662.12, 128.00, 6.38
132, 908.62, 670.60, 830.00, 16.25
133, 1065.37, 990.34, 287.00, 9.56
134, 1043.17, 1003.62, 381.00, 11.01
135, 1044.44, 1042.66, 906.00, 16.98
