58.49, 1068.94, 213.00, 8.23
1865.00, 1078.21, 31.00, 3.14
1020.02, 1071.15, 90.00, 5.35
1263.48, 1072.83, 43.00, 3.70
1781.05, 1059.03, 178.00, 7.53
65.87, 1052.92, 84.00, 5.17
1900.38, 1044.35, 63.00, 4.48
611.86, 1035.24, 60.00, 4.37
1688.48, 1025.61, 44.00, 3.74
1445.83, 1002.52, 681.00, 14.72
870.62, 1007.52, 466.00, 12.18
505.52, 1001.14, 80.00, 5.05
1619.85, 985.50, 515.00, 12.80
1823.56, 989.91, 147.00, 6.84
1050.77, 957.10, 199.00, 7.96
176.75, 948.55, 286.00, 9.54
418.06, 951.26, 155.00, 7.02
1178.43, 928.75, 108.00, 5.86
1582.33, 923.47, 430.00, 11.70
1619.70, 909.74, 550.00, 13.23
153.24, 916.46, 222.00, 8.41
637.89, 918.27, 70.00, 4.72
1377.83, 911.08, 180.00, 7.57
1090.05, 909.82, 125.00, 6.31
1173.13, 912.63, 31.00, 3.14
671.01, 907.02, 91.00, 5.38
515.87, 884.89, 481.00, 12.37
1846.89, 885.12, 286.00, 9.54
1645.92, 877.87, 366.00, 10.79
1289.36, 873.11, 71.00, 4.75
1683.86, 870.79, 132.00, 6.48
1504.09, 861.84, 141.00, 6.70
358.16, 850.01, 193.00, 7.84
513.14, 851.12, 39.00, 3.52
969.71, 831.43, 37.00, 3.43
831.88, 826.60, 58.00, 4.30
1769.42, 826.04, 85.00, 5.20
69.26, 813.73, 452.00, 11.99
941.58, 808.12, 438.00, 11.81
1374.04, 809.34, 173.00, 7.42
990.12, 804.43, 262.00, 9.13
1586.24, 806.93, 35.00, 3.34
1052.63, 803.62, 114.00, 6.02
1268.91, 788.02, 767.00, 15.63
1723.57, 803.17, 100.00, 5.64
1223.48, 784.39, 100.00, 5.64
1282.36, 770.60, 36.00, 3.39
456.79, 770.30, 72.00, 4.79
1533.11, 762.11, 111.00, 5.94
412.21, 761.79, 95.00, 5.50
233.48, 761.22, 60.00, 4.37
950.33, 761.48, 44.00, 3.74
1.84, 737.68, 57.00, 4.26
908.93, 732.02, 320.00, 10.09
1760.26, 720.54, 78.00, 4.98
1546.07, 707.67, 273.00, 9.32
1618.39, 702.60, 40.00, 3.57
661.63, 689.99, 129.00, 6.41
1090.01, 687.57, 148.00, 6.86
1572.76, 680.31, 39.00, 3.52
786.38, 676.79, 65.00, 4.55
830.81, 669.15, 171.00, 7.38
1228.29, 666.95, 178.00, 7.53
1584.98, 648.59, 84.00, 5.17
1337.72, 625.12, 354.00, 10.62
1370.89, 628.09, 97.00, 5.56
1653.79, 627.35, 43.00, 3.70
808.78, 588.94, 245.00, 8.83
1255.02, 594.45, 83.00, 5.14
1181.42, 592.65, 85.00, 5.20
650.89, 575.06, 637.00, 14.24
873.89, 567.53, 32.00, 3.19
1851.49, 554.49, 262.00, 9.13
1782.42, 552.43, 171.00, 7.38
417.60, 553.28, 48.00, 3.91
1088.93, 522.72, 680.00, 14.71
1124.72, 533.50, 46.00, 3.83
596.07, 529.58, 59.00, 4.33
193.78, 524.04, 248.00, 8.88
1321.84, 528.71, 31.00, 3.14
1496.78, 506.18, 508.00, 12.72
429.34, 489.61, 476.00, 12.31
1046.30, 493.49, 112.00, 5.97
1244.63, 483.05, 170.00, 7.36
1772.36, 475.15, 235.00, 8.65
3.09, 449.91, 34.00, 3.29
649.24, 441.78, 138.00, 6.63
1148.15, 428.01, 74.00, 4.85
911.53, 407.07, 862.00, 16.56
1266.38, 412.01, 42.00, 3.66
1536.02, 403.06, 79.00, 5.01
374.81, 373.10, 55.00, 4.18
1386.60, 370.19, 102.00, 5.70
94.01, 359.85, 209.00, 8.16
699.90, 367.50, 51.00, 4.03
253.43, 355.42, 212.00, 8.21
1819.91, 353.60, 285.00, 9.52
1424.08, 350.48, 72.00, 4.79
609.00, 337.73, 42.00, 3.66
114.41, 324.37, 32.00, 3.19
1291.97, 319.28, 87.00, 5.26
815.25, 316.46, 103.00, 5.73
1891.56, 287.35, 305.00, 9.85
334.77, 290.87, 59.00, 4.33
1698.70, 280.36, 32.00, 3.19
1651.84, 275.70, 66.00, 4.58
138.14, 261.34, 70.00, 4.72
1888.53, 251.73, 425.00, 11.63
235.57, 247.70, 386.00, 11.08
790.67, 251.07, 97.00, 5.56
1168.46, 239.14, 680.00, 14.71
1741.41, 243.66, 215.00, 8.27
1066.36, 234.65, 49.00, 3.95
1253.84, 231.85, 51.00, 4.03
1768.01, 205.69, 621.00, 14.06
1556.99, 206.04, 355.00, 10.63
1402.70, 204.82, 191.00, 7.80
1597.25, 200.98, 90.00, 5.35
805.65, 194.38, 216.00, 8.29
181.18, 175.93, 1093.00, 18.65
1502.73, 198.28, 88.00, 5.29
158.30, 181.44, 31.00, 3.14
157.24, 170.07, 83.00, 5.14
1359.76, 168.68, 49.00, 3.95
1573.67, 166.48, 122.00, 6.23
1239.71, 153.21, 64.00, 4.51
507.98, 141.53, 176.00, 7.48
1535.01, 135.21, 144.00, 6.77
1005.57, 123.06, 53.00, 4.11
1385.15, 115.91, 88.00, 5.29
489.10, 100.27, 607.00, 13.90
78.28, 100.74, 103.00, 5.73
1858.38, 93.07, 75.00, 4.89
230.83, 88.82, 97.00, 5.56
423.33, 76.31, 149.00, 6.89
1319.15, 72.36, 65.00, 4.55
197.80, 60.56, 130.00, 6.43
630.41, 56.63, 225.00, 8.46
750.88, 38.70, 1425.00, 21.30
1047.10, 34.81, 441.00, 11.85
347.76, 44.34, 50.00, 3.99
1596.05, 42.48, 66.00, 4.58
275.16, 23.34, 193.00, 7.84
1463.37, 17.36, 61.00, 4.41
1003.33, 8.36, 290.00, 9.61
502.21, 12.71, 55.00, 4.18
1484.31, 1042.29, 299.00, 9.76
1500.67, 1039.91, 168.00, 7.31
832.65, 885.59, 476.00, 12.31
851.09, 885.61, 122.00, 6.23
1732.59, 742.11, 127.00, 6.36
1733.73, 719.54, 1007.00, 17.90
863.18, 669.22, 294.00, 9.67
870.83, 652.80, 754.00, 15.49
58.41, 577.30, 520.00, 12.87
63.56, 556.13, 442.00, 11.86
57.76, 535.01, 305.00, 9.85
859.55, 474.92, 143.00, 6.75
872.23, 475.15, 105.00, 5.78
1067.71, 86.88, 232.00, 8.59
1045.70, 73.82, 497.00, 12.58
