spot,x,y,luminosity,error,T,v,v_fin
0,31.18,814.82,17.1702,0.539819,20,51.65,0.75
0,31.18,814.82,43.045,0.46392,20,52.4,1.5
0,31.18,814.82,76.9095,0.460644,20,52.9,2.0
0,31.18,814.82,107.518,0.791582,20,53.4,2.5
0,31.18,814.82,154.778,0.74535,20,53.9,3.0
0,31.18,814.82,391.543,1.28651,20,55.9,5.0
1,34.42,433.17,14.1995,0.598418,20,51.65,0.75
1,34.42,433.17,64.3044,0.646882,20,52.4,1.5
1,34.42,433.17,105.034,0.732813,20,52.9,2.0
1,34.42,433.17,161.988,0.754679,20,53.4,2.5
1,34.42,433.17,227.082,1.08764,20,53.9,3.0
1,34.42,433.17,592.814,1.46945,20,55.9,5.0
2,35.62,1044.75,11.961,0.316963,20,51.65,0.75
2,35.62,1044.75,34.732,0.504095,20,52.4,1.5
2,35.62,1044.75,63.7386,0.546498,20,52.9,2.0
2,35.62,1044.75,92.6209,0.664579,20,53.4,2.5
2,35.62,1044.75,120.821,0.581593,20,53.9,3.0
2,35.62,1044.75,236.78,0.995271,20,55.9,5.0
4,50.09,201.61,41.7356,0.457253,20,51.65,0.75
4,50.09,201.61,123.432,0.473012,20,52.4,1.5
4,50.09,201.61,199.038,0.457768,20,52.9,2.0
4,50.09,201.61,277.758,0.52816,20,53.4,2.5
4,50.09,201.61,356.951,0.687513,20,53.9,3.0
4,50.09,201.61,759.177,1.58166,20,55.9,5.0
5,60.7,10.95,-0.777365,0.249996,20,51.65,0.75
5,60.7,10.95,1.29525,0.303619,20,52.4,1.5
5,60.7,10.95,5.36478,0.375516,20,52.9,2.0
5,60.7,10.95,11.1663,0.410614,20,53.4,2.5
5,60.7,10.95,22.2241,0.406512,20,53.9,3.0
5,60.7,10.95,68.0885,0.614847,20,55.9,5.0
6,81.37,331.71,38.8742,0.660943,20,51.65,0.75
6,81.37,331.71,141.646,0.736593,20,52.4,1.5
6,81.37,331.71,188.546,0.800998,20,52.9,2.0
6,81.37,331.71,268.43,0.771592,20,53.4,2.5
6,81.37,331.71,347.357,0.767886,20,53.9,3.0
6,81.37,331.71,771.145,1.57392,20,55.9,5.0
7,90.02,698.09,7.13642,0.260773,20,51.65,0.75
7,90.02,698.09,18.2898,0.218702,20,52.4,1.5
7,90.02,698.09,28.0505,0.322161,20,52.9,2.0
7,90.02,698.09,48.7651,0.381411,20,53.4,2.5
7,90.02,698.09,67.3523,0.573082,20,53.9,3.0
7,90.02,698.09,200.066,0.86536,20,55.9,5.0
8,99.96,268.96,15.4543,0.507378,20,51.65,0.75
8,99.96,268.96,50.2715,0.560381,20,52.4,1.5
8,99.96,268.96,84.2779,0.66989,20,52.9,2.0
8,99.96,268.96,135.812,0.563598,20,53.4,2.5
8,99.96,268.96,184.801,0.933212,20,53.9,3.0
8,99.96,268.96,474.815,1.34072,20,55.9,5.0
10,148.57,604.67,2.60077,0.286534,20,51.65,0.75
10,148.57,604.67,1.62889,0.3391,20,52.4,1.5
10,148.57,604.67,7.31661,0.475348,20,52.9,2.0
10,148.57,604.67,5.70492,0.273106,20,53.4,2.5
10,148.57,604.67,35.7899,0.878929,20,53.9,3.0
10,148.57,604.67,342.298,0.957965,20,55.9,5.0
11,160.35,430.63,3.2435,0.208041,20,51.65,0.75
11,160.35,430.63,10.3391,0.216251,20,52.4,1.5
11,160.35,430.63,12.0681,0.221132,20,52.9,2.0
11,160.35,430.63,22.5248,0.260186,20,53.4,2.5
11,160.35,430.63,22.2061,0.294059,20,53.9,3.0
11,160.35,430.63,44.5983,0.359712,20,55.9,5.0
12,195.47,134.06,21.8334,0.444547,20,51.65,0.75
12,195.47,134.06,86.2524,0.452608,20,52.4,1.5
12,195.47,134.06,146.714,0.63261,20,52.9,2.0
12,195.47,134.06,224.989,0.866798,20,53.4,2.5
12,195.47,134.06,339.94,0.961487,20,53.9,3.0
12,195.47,134.06,984.638,1.88531,20,55.9,5.0
13,196.98,569.87,2.10468,0.221467,20,51.65,0.75
13,196.98,569.87,14.8801,0.289317,20,52.4,1.5
13,196.98,569.87,27.4954,0.316193,20,52.9,2.0
13,196.98,569.87,41.1427,0.338965,20,53.4,2.5
13,196.98,569.87,59.8642,0.357551,20,53.9,3.0
13,196.98,569.87,158.287,0.584616,20,55.9,5.0
14,204.1,887.16,0.789828,0.364464,20,51.65,0.75
14,204.1,887.16,13.1355,0.434452,20,52.4,1.5
14,204.1,887.16,28.2055,0.494838,20,52.9,2.0
14,204.1,887.16,43.0865,0.438448,20,53.4,2.5
14,204.1,887.16,61.9809,0.402161,20,53.9,3.0
14,204.1,887.16,189.963,0.835479,20,55.9,5.0
16,219.83,308.62,3.26239,0.238801,20,51.65,0.75
16,219.83,308.62,13.991,0.244493,20,52.4,1.5
16,219.83,308.62,26.2251,0.152898,20,52.9,2.0
16,219.83,308.62,34.5165,0.300867,20,53.4,2.5
16,219.83,308.62,46.6057,0.376569,20,53.9,3.0
16,219.83,308.62,324.531,2.20012,20,55.9,5.0
17,234.66,470.95,7.22429,0.293508,20,51.65,0.75
17,234.66,470.95,21.3329,0.416038,20,52.4,1.5
17,234.66,470.95,27.9413,0.365112,20,52.9,2.0
17,234.66,470.95,40.2067,0.359997,20,53.4,2.5
17,234.66,470.95,57.4441,0.534907,20,53.9,3.0
17,234.66,470.95,114.021,0.776761,20,55.9,5.0
18,237.84,109.09,4.90148,0.19371,20,51.65,0.75
18,237.84,109.09,13.2326,0.146826,20,52.4,1.5
18,237.84,109.09,20.7398,0.117127,20,52.9,2.0
18,237.84,109.09,30.261,0.104729,20,53.4,2.5
18,237.84,109.09,38.09,0.307061,20,53.9,3.0
18,237.84,109.09,66.0,0.240449,20,55.9,5.0
19,259.16,133.82,7.94571,0.374297,20,51.65,0.75
19,259.16,133.82,40.6896,0.559981,20,52.4,1.5
19,259.16,133.82,67.904,0.517133,20,52.9,2.0
19,259.16,133.82,86.6755,0.583541,20,53.4,2.5
19,259.16,133.82,124.023,0.801861,20,53.9,3.0
19,259.16,133.82,298.508,1.21454,20,55.9,5.0
22,310.42,1059.77,0.165064,0.264364,20,51.65,0.75
22,310.42,1059.77,4.40919,0.347462,20,52.4,1.5
22,310.42,1059.77,7.52976,0.319367,20,52.9,2.0
22,310.42,1059.77,10.4031,0.432326,20,53.4,2.5
22,310.42,1059.77,16.7924,0.404405,20,53.9,3.0
22,310.42,1059.77,50.6491,0.700714,20,55.9,5.0
23,313.8,873.57,12.1318,0.233871,20,51.65,0.75
23,313.8,873.57,32.8133,0.216901,20,52.4,1.5
23,313.8,873.57,45.8828,0.238668,20,52.9,2.0
23,313.8,873.57,67.8574,0.351301,20,53.4,2.5
23,313.8,873.57,78.8455,0.46885,20,53.9,3.0
23,313.8,873.57,919.97,6.65316,20,55.9,5.0
24,333.23,981.53,1.5313,0.259731,20,51.65,0.75
24,333.23,981.53,5.05019,0.127409,20,52.4,1.5
24,333.23,981.53,6.90046,0.131323,20,52.9,2.0
24,333.23,981.53,10.5833,0.267079,20,53.4,2.5
24,333.23,981.53,14.4569,0.217935,20,53.9,3.0
24,333.23,981.53,24.1725,0.212593,20,55.9,5.0
25,340.35,142.86,2.14368,0.164196,20,51.65,0.75
25,340.35,142.86,9.78388,0.229996,20,52.4,1.5
25,340.35,142.86,17.0425,0.206493,20,52.9,2.0
25,340.35,142.86,23.7855,0.136294,20,53.4,2.5
25,340.35,142.86,41.783,0.32914,20,53.9,3.0
25,340.35,142.86,87.6191,0.36284,20,55.9,5.0
26,348.98,386.95,6.49371,0.349372,20,51.65,0.75
26,348.98,386.95,25.4077,0.334709,20,52.4,1.5
26,348.98,386.95,40.0455,0.502359,20,52.9,2.0
26,348.98,386.95,61.7677,0.659533,20,53.4,2.5
26,348.98,386.95,79.6346,0.706529,20,53.9,3.0
26,348.98,386.95,187.425,0.623964,20,55.9,5.0
27,347.7,549.54,68.3268,0.349116,20,51.65,0.75
27,347.7,549.54,201.433,0.518944,20,52.4,1.5
27,347.7,549.54,318.86,0.837473,20,52.9,2.0
27,347.7,549.54,462.09,0.744326,20,53.4,2.5
27,347.7,549.54,634.33,1.04713,20,53.9,3.0
27,347.7,549.54,4677.31,51.0803,20,55.9,5.0
28,351.31,705.69,3.10439,0.408113,20,51.65,0.75
28,351.31,705.69,16.1738,0.311879,20,52.4,1.5
28,351.31,705.69,23.5378,0.339403,20,52.9,2.0
28,351.31,705.69,39.7819,0.374898,20,53.4,2.5
28,351.31,705.69,53.8661,0.345261,20,53.9,3.0
28,351.31,705.69,158.692,0.547218,20,55.9,5.0
29,371.61,1002.99,11.5673,0.346793,20,51.65,0.75
29,371.61,1002.99,27.137,0.367928,20,52.4,1.5
29,371.61,1002.99,43.1911,0.38374,20,52.9,2.0
29,371.61,1002.99,52.6728,0.593026,20,53.4,2.5
29,371.61,1002.99,70.0713,0.570159,20,53.9,3.0
29,371.61,1002.99,122.724,0.646778,20,55.9,5.0
30,388.5,826.52,165.077,0.699022,20,51.65,0.75
30,388.5,826.52,617.939,1.22033,20,52.4,1.5
30,388.5,826.52,1229.35,2.3606,20,52.9,2.0
30,388.5,826.52,1730.65,3.71986,20,53.4,2.5
30,388.5,826.52,2101.69,2.94823,20,53.9,3.0
30,388.5,826.52,7378.02,14.8192,20,55.9,5.0
31,405.88,524.71,2.46875,0.234805,20,51.65,0.75
31,405.88,524.71,7.94897,0.254784,20,52.4,1.5
31,405.88,524.71,16.2689,0.327884,20,52.9,2.0
31,405.88,524.71,21.7585,0.260674,20,53.4,2.5
31,405.88,524.71,35.0984,0.318446,20,53.9,3.0
31,405.88,524.71,91.6861,0.5582,20,55.9,5.0
32,449.71,49.47,10.4992,0.553769,20,51.65,0.75
32,449.71,49.47,41.33,0.406954,20,52.4,1.5
32,449.71,49.47,68.9781,0.649931,20,52.9,2.0
32,449.71,49.47,112.026,0.554054,20,53.4,2.5
32,449.71,49.47,160.071,0.785363,20,53.9,3.0
32,449.71,49.47,472.322,1.13156,20,55.9,5.0
34,452.12,608.63,316.192,0.829392,20,51.65,0.75
34,452.12,608.63,1238.77,1.25598,20,52.4,1.5
34,452.12,608.63,2174.43,2.63149,20,52.9,2.0
34,452.12,608.63,3447.78,3.35143,20,53.4,2.5
34,452.12,608.63,5038.02,6.82372,20,53.9,3.0
34,452.12,608.63,14822.0,13.1268,20,55.9,5.0
35,456.82,824.44,13.0964,0.443774,20,51.65,0.75
35,456.82,824.44,49.325,0.596847,20,52.4,1.5
35,456.82,824.44,90.6917,0.534146,20,52.9,2.0
35,456.82,824.44,139.869,0.754611,20,53.4,2.5
35,456.82,824.44,204.647,0.695763,20,53.9,3.0
35,456.82,824.44,622.52,1.27977,20,55.9,5.0
36,458.03,884.77,7.87304,0.35002,20,51.65,0.75
36,458.03,884.77,23.6302,0.449978,20,52.4,1.5
36,458.03,884.77,43.8062,0.551478,20,52.9,2.0
36,458.03,884.77,71.1153,0.509222,20,53.4,2.5
36,458.03,884.77,101.995,0.507607,20,53.9,3.0
36,458.03,884.77,292.31,0.881377,20,55.9,5.0
37,464.15,403.15,9.07389,0.198693,20,51.65,0.75
37,464.15,403.15,16.9484,0.28082,20,52.4,1.5
37,464.15,403.15,27.7539,0.32821,20,52.9,2.0
37,464.15,403.15,40.4926,0.238382,20,53.4,2.5
37,464.15,403.15,48.5765,0.387632,20,53.9,3.0
37,464.15,403.15,98.9884,0.42365,20,55.9,5.0
38,474.3,336.6,32.6124,0.440121,20,51.65,0.75
38,474.3,336.6,100.316,0.548321,20,52.4,1.5
38,474.3,336.6,162.509,0.598857,20,52.9,2.0
38,474.3,336.6,232.853,0.672419,20,53.4,2.5
38,474.3,336.6,311.126,0.809083,20,53.9,3.0
38,474.3,336.6,666.02,1.42738,20,55.9,5.0
39,490.48,665.79,0.803523,0.208967,20,51.65,0.75
39,490.48,665.79,2.0782,0.330531,20,52.4,1.5
39,490.48,665.79,4.87411,0.284476,20,52.9,2.0
39,490.48,665.79,10.0215,0.310647,20,53.4,2.5
39,490.48,665.79,14.1773,0.283196,20,53.9,3.0
39,490.48,665.79,35.7963,0.270695,20,55.9,5.0
40,500.77,413.27,0.739518,0.284789,20,51.65,0.75
40,500.77,413.27,3.79716,0.253765,20,52.4,1.5
40,500.77,413.27,7.21213,0.290579,20,52.9,2.0
40,500.77,413.27,10.4695,0.33947,20,53.4,2.5
40,500.77,413.27,13.8909,0.206855,20,53.9,3.0
40,500.77,413.27,20.8043,0.404532,20,55.9,5.0
41,503.44,521.04,62.4264,0.767616,20,51.65,0.75
41,503.44,521.04,209.765,0.864394,20,52.4,1.5
41,503.44,521.04,384.327,1.00499,20,52.9,2.0
41,503.44,521.04,616.646,1.29865,20,53.4,2.5
41,503.44,521.04,811.917,2.10565,20,53.9,3.0
41,503.44,521.04,3042.14,12.5873,20,55.9,5.0
43,519.27,917.95,39.6851,0.443173,20,51.65,0.75
43,519.27,917.95,126.496,0.612019,20,52.4,1.5
43,519.27,917.95,215.302,0.775325,20,52.9,2.0
43,519.27,917.95,339.578,1.01644,20,53.4,2.5
43,519.27,917.95,451.547,1.41874,20,53.9,3.0
43,519.27,917.95,1873.23,5.86742,20,55.9,5.0
44,555.27,914.51,7.25422,0.201171,20,51.65,0.75
44,555.27,914.51,27.6164,0.371361,20,52.4,1.5
44,555.27,914.51,46.0126,0.41383,20,52.9,2.0
44,555.27,914.51,73.8825,0.359931,20,53.4,2.5
44,555.27,914.51,106.772,0.358868,20,53.9,3.0
44,555.27,914.51,288.767,0.757419,20,55.9,5.0
45,562.64,287.91,145.075,0.661584,20,51.65,0.75
45,562.64,287.91,594.269,0.826423,20,52.4,1.5
45,562.64,287.91,984.866,1.30092,20,52.9,2.0
45,562.64,287.91,1498.16,1.92302,20,53.4,2.5
45,562.64,287.91,2020.05,2.65164,20,53.9,3.0
45,562.64,287.91,5353.64,6.73094,20,55.9,5.0
46,593.66,325.98,6.81131,0.291725,20,51.65,0.75
46,593.66,325.98,12.1196,0.433823,20,52.4,1.5
46,593.66,325.98,16.8123,0.239145,20,52.9,2.0
46,593.66,325.98,27.8223,0.371754,20,53.4,2.5
46,593.66,325.98,36.7851,0.339857,20,53.9,3.0
46,593.66,325.98,72.3884,0.663431,20,55.9,5.0
47,613.19,791.58,19.0654,0.216277,20,51.65,0.75
47,613.19,791.58,84.5863,0.431901,20,52.4,1.5
47,613.19,791.58,142.7,0.505611,20,52.9,2.0
47,613.19,791.58,232.312,0.495012,20,53.4,2.5
47,613.19,791.58,326.823,0.780082,20,53.9,3.0
47,613.19,791.58,930.113,1.65834,20,55.9,5.0
49,646.51,531.02,8.17079,0.31977,20,51.65,0.75
49,646.51,531.02,33.7604,0.403549,20,52.4,1.5
49,646.51,531.02,67.8888,0.379948,20,52.9,2.0
49,646.51,531.02,77.9921,0.648741,20,53.4,2.5
49,646.51,531.02,117.009,1.21759,20,53.9,3.0
49,646.51,531.02,190.629,2.57673,20,55.9,5.0
50,652.07,760.28,13.4563,0.317026,20,51.65,0.75
50,652.07,760.28,52.6902,0.222334,20,52.4,1.5
50,652.07,760.28,90.8072,0.460773,20,52.9,2.0
50,652.07,760.28,136.96,0.47818,20,53.4,2.5
50,652.07,760.28,221.299,0.781128,20,53.9,3.0
50,652.07,760.28,625.992,1.49045,20,55.9,5.0
51,668.71,233.11,-0.428726,0.245385,20,51.65,0.75
51,668.71,233.11,9.49167,0.302851,20,52.4,1.5
51,668.71,233.11,21.9355,0.407406,20,52.9,2.0
51,668.71,233.11,30.7494,0.263149,20,53.4,2.5
51,668.71,233.11,47.6339,0.438034,20,53.9,3.0
51,668.71,233.11,123.186,0.519834,20,55.9,5.0
52,669.15,427.36,3.95177,0.132739,20,51.65,0.75
52,669.15,427.36,10.0465,0.165308,20,52.4,1.5
52,669.15,427.36,16.6062,0.370041,20,52.9,2.0
52,669.15,427.36,20.5268,0.278705,20,53.4,2.5
52,669.15,427.36,25.2423,0.346956,20,53.9,3.0
52,669.15,427.36,44.0517,0.415406,20,55.9,5.0
54,688.25,990.18,6.07743,0.365319,20,51.65,0.75
54,688.25,990.18,12.9001,0.38642,20,52.4,1.5
54,688.25,990.18,29.6523,0.377077,20,52.9,2.0
54,688.25,990.18,49.0089,0.354251,20,53.4,2.5
54,688.25,990.18,76.0694,0.433948,20,53.9,3.0
54,688.25,990.18,220.342,0.654307,20,55.9,5.0
55,702.81,207.72,6.16602,0.284905,20,51.65,0.75
55,702.81,207.72,13.1001,0.137753,20,52.4,1.5
55,702.81,207.72,22.3867,0.289734,20,52.9,2.0
55,702.81,207.72,33.2997,0.11394,20,53.4,2.5
55,702.81,207.72,36.6657,0.308133,20,53.9,3.0
55,702.81,207.72,91.9383,0.327947,20,55.9,5.0
56,714.32,108.43,1.1828,0.104012,20,51.65,0.75
56,714.32,108.43,10.976,0.194806,20,52.4,1.5
56,714.32,108.43,19.9306,0.181997,20,52.9,2.0
56,714.32,108.43,46.4382,0.164352,20,53.4,2.5
56,714.32,108.43,78.9105,0.196747,20,53.9,3.0
56,714.32,108.43,247.035,0.577003,20,55.9,5.0
57,729.93,378.82,30.2221,0.375526,20,51.65,0.75
57,729.93,378.82,85.0827,0.481491,20,52.4,1.5
57,729.93,378.82,153.637,0.642184,20,52.9,2.0
57,729.93,378.82,211.792,0.687822,20,53.4,2.5
57,729.93,378.82,350.691,1.06176,20,53.9,3.0
57,729.93,378.82,745.848,2.41785,20,55.9,5.0
58,747.76,88.49,1.91958,0.273809,20,51.65,0.75
58,747.76,88.49,9.05994,0.339178,20,52.4,1.5
58,747.76,88.49,13.3035,0.351617,20,52.9,2.0
58,747.76,88.49,21.2614,0.383639,20,53.4,2.5
58,747.76,88.49,30.5282,0.345036,20,53.9,3.0
58,747.76,88.49,84.0044,0.538476,20,55.9,5.0
59,744.72,905.45,66.2568,0.385399,20,51.65,0.75
59,744.72,905.45,192.42,0.508209,20,52.4,1.5
59,744.72,905.45,308.025,0.658494,20,52.9,2.0
59,744.72,905.45,448.288,0.763712,20,53.4,2.5
59,744.72,905.45,600.674,0.879332,20,53.9,3.0
59,744.72,905.45,1317.98,1.94749,20,55.9,5.0
60,769.71,902.77,2.63707,0.124996,20,51.65,0.75
60,769.71,902.77,4.93572,0.282933,20,52.4,1.5
60,769.71,902.77,8.36993,0.416532,20,52.9,2.0
60,769.71,902.77,11.783,0.355623,20,53.4,2.5
60,769.71,902.77,17.1346,0.388314,20,53.9,3.0
60,769.71,902.77,27.9806,0.355027,20,55.9,5.0
61,770.96,937.02,2.16122,0.434916,20,51.65,0.75
61,770.96,937.02,6.5624,0.433103,20,52.4,1.5
61,770.96,937.02,9.79167,0.309262,20,52.9,2.0
61,770.96,937.02,11.4976,0.463058,20,53.4,2.5
61,770.96,937.02,15.5492,0.539933,20,53.9,3.0
61,770.96,937.02,33.3243,0.682999,20,55.9,5.0
62,791.92,460.43,20.1476,0.305992,20,51.65,0.75
62,791.92,460.43,46.9539,0.372553,20,52.4,1.5
62,791.92,460.43,68.4429,0.387215,20,52.9,2.0
62,791.92,460.43,97.0085,0.378035,20,53.4,2.5
62,791.92,460.43,129.584,0.527703,20,53.9,3.0
62,791.92,460.43,244.107,0.857599,20,55.9,5.0
63,788.76,989.42,17.3126,0.424299,20,51.65,0.75
63,788.76,989.42,45.6358,0.558101,20,52.4,1.5
63,788.76,989.42,73.4469,0.577451,20,52.9,2.0
63,788.76,989.42,100.568,0.76056,20,53.4,2.5
63,788.76,989.42,132.946,0.459401,20,53.9,3.0
63,788.76,989.42,270.092,1.00359,20,55.9,5.0
64,795.7,314.96,0.353741,0.487589,20,51.65,0.75
64,795.7,314.96,3.91889,0.560326,20,52.4,1.5
64,795.7,314.96,7.05817,0.655067,20,52.9,2.0
64,795.7,314.96,9.22284,0.67105,20,53.4,2.5
64,795.7,314.96,11.8813,0.624556,20,53.9,3.0
64,795.7,314.96,21.5315,0.586388,20,55.9,5.0
67,830.74,799.7,156.125,0.707949,20,51.65,0.75
67,830.74,799.7,609.982,0.786669,20,52.4,1.5
67,830.74,799.7,1137.97,1.38051,20,52.9,2.0
67,830.74,799.7,1831.45,2.04375,20,53.4,2.5
67,830.74,799.7,2752.77,3.63203,20,53.9,3.0
67,830.74,799.7,8580.5,10.774,20,55.9,5.0
68,848.22,308.16,0.0189465,0.168792,20,51.65,0.75
68,848.22,308.16,1.73114,0.0723705,20,52.4,1.5
68,848.22,308.16,1.647,0.207064,20,52.9,2.0
68,848.22,308.16,5.31053,0.245812,20,53.4,2.5
68,848.22,308.16,10.4845,0.238135,20,53.9,3.0
68,848.22,308.16,23.5286,0.154146,20,55.9,5.0
69,849.41,169.62,68.9999,0.64665,20,51.65,0.75
69,849.41,169.62,257.905,0.627089,20,52.4,1.5
69,849.41,169.62,446.751,0.783967,20,52.9,2.0
69,849.41,169.62,693.182,0.952857,20,53.4,2.5
69,849.41,169.62,965.022,1.79536,20,53.9,3.0
69,849.41,169.62,2445.18,6.1016,20,55.9,5.0
70,849.74,944.4,5.27833,0.18938,20,51.65,0.75
70,849.74,944.4,11.9596,0.263479,20,52.4,1.5
70,849.74,944.4,19.5049,0.136258,20,52.9,2.0
70,849.74,944.4,28.9079,0.269807,20,53.4,2.5
70,849.74,944.4,38.6211,0.302468,20,53.9,3.0
70,849.74,944.4,96.1118,0.35111,20,55.9,5.0
71,883.36,273.8,167.168,0.68297,20,51.65,0.75
71,883.36,273.8,587.964,0.913444,20,52.4,1.5
71,883.36,273.8,1004.99,0.989273,20,52.9,2.0
71,883.36,273.8,1469.83,1.34162,20,53.4,2.5
71,883.36,273.8,2033.99,1.83688,20,53.9,3.0
71,883.36,273.8,4966.38,4.72515,20,55.9,5.0
72,883.56,868.6,0.393528,0.320182,20,51.65,0.75
72,883.56,868.6,6.70887,0.379036,20,52.4,1.5
72,883.56,868.6,8.77983,0.402859,20,52.9,2.0
72,883.56,868.6,22.5556,0.488978,20,53.4,2.5
72,883.56,868.6,25.8132,0.474983,20,53.9,3.0
72,883.56,868.6,80.7212,1.25506,20,55.9,5.0
73,908.13,276.77,3.75056,0.332975,20,51.65,0.75
73,908.13,276.77,10.0059,0.29601,20,52.4,1.5
73,908.13,276.77,17.8001,0.481566,20,52.9,2.0
73,908.13,276.77,25.8324,0.386597,20,53.4,2.5
73,908.13,276.77,43.3053,0.394394,20,53.9,3.0
73,908.13,276.77,134.208,0.605296,20,55.9,5.0
74,925.79,741.1,13.2703,0.273523,20,51.65,0.75
74,925.79,741.1,55.7235,0.311198,20,52.4,1.5
74,925.79,741.1,93.2503,0.388347,20,52.9,2.0
74,925.79,741.1,133.033,0.37348,20,53.4,2.5
74,925.79,741.1,182.925,0.580749,20,53.9,3.0
74,925.79,741.1,448.399,1.08406,20,55.9,5.0
75,933.4,978.7,147.609,0.679216,20,51.65,0.75
75,933.4,978.7,535.11,0.98579,20,52.4,1.5
75,933.4,978.7,824.197,3.06386,20,52.9,2.0
75,933.4,978.7,1395.07,4.80717,20,53.4,2.5
75,933.4,978.7,2029.76,7.14534,20,53.9,3.0
75,933.4,978.7,6657.69,9.34214,20,55.9,5.0
76,947.29,1041.05,70.6559,0.526919,20,51.65,0.75
76,947.29,1041.05,180.81,0.611964,20,52.4,1.5
76,947.29,1041.05,365.001,1.64333,20,52.9,2.0
76,947.29,1041.05,690.726,2.22847,20,53.4,2.5
76,947.29,1041.05,927.221,4.52385,20,53.9,3.0
76,947.29,1041.05,2937.01,14.3344,20,55.9,5.0
77,974.9,139.65,18.7689,0.425333,20,51.65,0.75
77,974.9,139.65,66.1858,0.53424,20,52.4,1.5
77,974.9,139.65,106.0,0.454823,20,52.9,2.0
77,974.9,139.65,135.104,0.615838,20,53.4,2.5
77,974.9,139.65,186.371,0.721844,20,53.9,3.0
77,974.9,139.65,388.632,1.1084,20,55.9,5.0
78,977.86,703.1,2.19964,0.169548,20,51.65,0.75
78,977.86,703.1,4.22024,0.228911,20,52.4,1.5
78,977.86,703.1,5.8283,0.253621,20,52.9,2.0
78,977.86,703.1,7.49102,0.251789,20,53.4,2.5
78,977.86,703.1,10.8884,0.119787,20,53.9,3.0
78,977.86,703.1,19.4717,0.356901,20,55.9,5.0
79,977.81,1061.93,107.016,0.581089,20,51.65,0.75
79,977.81,1061.93,391.3,0.75976,20,52.4,1.5
79,977.81,1061.93,657.971,1.25916,20,52.9,2.0
79,977.81,1061.93,975.081,1.68594,20,53.4,2.5
79,977.81,1061.93,1639.99,2.21156,20,53.9,3.0
79,977.81,1061.93,4881.79,4.79743,20,55.9,5.0
80,1004.89,765.56,34.2168,0.3452,20,51.65,0.75
80,1004.89,765.56,116.198,0.46005,20,52.4,1.5
80,1004.89,765.56,208.674,0.489445,20,52.9,2.0
80,1004.89,765.56,319.018,0.539177,20,53.4,2.5
80,1004.89,765.56,449.364,0.70463,20,53.9,3.0
80,1004.89,765.56,1322.95,2.07955,20,55.9,5.0
81,1031.69,762.04,63.9139,0.364733,20,51.65,0.75
81,1031.69,762.04,211.612,0.606099,20,52.4,1.5
81,1031.69,762.04,343.687,0.61305,20,52.9,2.0
81,1031.69,762.04,532.265,0.77485,20,53.4,2.5
81,1031.69,762.04,756.076,1.21306,20,53.9,3.0
81,1031.69,762.04,2129.22,3.03308,20,55.9,5.0
82,1059.53,683.62,7.12668,0.273553,20,51.65,0.75
82,1059.53,683.62,19.633,0.34884,20,52.4,1.5
82,1059.53,683.62,32.2957,0.318714,20,52.9,2.0
82,1059.53,683.62,48.4433,0.55714,20,53.4,2.5
82,1059.53,683.62,62.4559,0.479301,20,53.9,3.0
82,1059.53,683.62,153.408,0.703187,20,55.9,5.0
83,1068.0,854.9,43.4529,0.629949,20,51.65,0.75
83,1068.0,854.9,158.202,0.532578,20,52.4,1.5
83,1068.0,854.9,279.588,0.74007,20,52.9,2.0
83,1068.0,854.9,530.851,1.97208,20,53.4,2.5
83,1068.0,854.9,803.569,2.70047,20,53.9,3.0
83,1068.0,854.9,2274.66,7.75428,20,55.9,5.0
85,1094.22,324.26,14.9259,0.203736,20,51.65,0.75
85,1094.22,324.26,31.172,0.246553,20,52.4,1.5
85,1094.22,324.26,53.3246,0.301886,20,52.9,2.0
85,1094.22,324.26,70.3593,0.303666,20,53.4,2.5
85,1094.22,324.26,88.601,0.332369,20,53.9,3.0
85,1094.22,324.26,173.305,0.660796,20,55.9,5.0
86,1097.52,255.06,0.303643,0.0540872,20,51.65,0.75
86,1097.52,255.06,3.09417,0.0823088,20,52.4,1.5
86,1097.52,255.06,5.0671,0.167428,20,52.9,2.0
86,1097.52,255.06,8.30863,0.0778039,20,53.4,2.5
86,1097.52,255.06,9.84976,0.164372,20,53.9,3.0
86,1097.52,255.06,17.0125,0.150946,20,55.9,5.0
87,1108.94,382.52,1.4003,0.211176,20,51.65,0.75
87,1108.94,382.52,6.24243,0.284881,20,52.4,1.5
87,1108.94,382.52,7.47789,0.107741,20,52.9,2.0
87,1108.94,382.52,10.3142,0.361573,20,53.4,2.5
87,1108.94,382.52,13.4707,0.0797697,20,53.9,3.0
87,1108.94,382.52,32.2839,0.253012,20,55.9,5.0
89,1110.14,794.94,62.2329,0.486795,20,51.65,0.75
89,1110.14,794.94,196.374,0.62837,20,52.4,1.5
89,1110.14,794.94,341.624,0.677183,20,52.9,2.0
89,1110.14,794.94,533.046,0.898362,20,53.4,2.5
89,1110.14,794.94,752.859,1.21694,20,53.9,3.0
89,1110.14,794.94,2018.29,2.72441,20,55.9,5.0
90,1118.37,919.6,3.38675,0.122225,20,51.65,0.75
90,1118.37,919.6,8.11274,0.210276,20,52.4,1.5
90,1118.37,919.6,15.1097,0.388947,20,52.9,2.0
90,1118.37,919.6,24.33,0.318238,20,53.4,2.5
90,1118.37,919.6,26.7049,0.350563,20,53.9,3.0
90,1118.37,919.6,76.8099,0.505577,20,55.9,5.0
91,1185.48,35.11,17.5272,0.2157,20,51.65,0.75
91,1185.48,35.11,56.1898,0.279531,20,52.4,1.5
91,1185.48,35.11,90.3693,0.373966,20,52.9,2.0
91,1185.48,35.11,139.951,0.476117,20,53.4,2.5
91,1185.48,35.11,169.479,0.721198,20,53.9,3.0
91,1185.48,35.11,401.651,1.21232,20,55.9,5.0
92,1183.85,910.8,5.40988,0.256518,20,51.65,0.75
92,1183.85,910.8,12.8993,0.282935,20,52.4,1.5
92,1183.85,910.8,22.7381,0.297006,20,52.9,2.0
92,1183.85,910.8,27.1166,0.489128,20,53.4,2.5
92,1183.85,910.8,34.4738,0.472986,20,53.9,3.0
92,1183.85,910.8,63.3681,0.437821,20,55.9,5.0
93,1187.45,759.19,0.341596,0.199585,20,51.65,0.75
93,1187.45,759.19,1.81004,0.116389,20,52.4,1.5
93,1187.45,759.19,7.05051,0.25552,20,52.9,2.0
93,1187.45,759.19,23.9522,0.217473,20,53.4,2.5
93,1187.45,759.19,46.8019,0.252807,20,53.9,3.0
93,1187.45,759.19,356.413,0.946902,20,55.9,5.0
94,1202.92,204.62,0.494293,0.0538695,20,51.65,0.75
94,1202.92,204.62,3.08208,0.0896792,20,52.4,1.5
94,1202.92,204.62,5.8099,0.0604347,20,52.9,2.0
94,1202.92,204.62,8.52024,0.0815406,20,53.4,2.5
94,1202.92,204.62,12.2488,0.179787,20,53.9,3.0
94,1202.92,204.62,29.1896,0.228534,20,55.9,5.0
95,1216.77,695.31,7.41806,0.351673,20,51.65,0.75
95,1216.77,695.31,24.5369,0.305914,20,52.4,1.5
95,1216.77,695.31,35.7356,0.434571,20,52.9,2.0
95,1216.77,695.31,55.4884,0.508134,20,53.4,2.5
95,1216.77,695.31,83.103,0.598513,20,53.9,3.0
95,1216.77,695.31,166.631,0.734982,20,55.9,5.0
96,1229.9,82.56,12.8063,0.476643,20,51.65,0.75
96,1229.9,82.56,41.6483,0.545262,20,52.4,1.5
96,1229.9,82.56,67.8673,0.680212,20,52.9,2.0
96,1229.9,82.56,115.099,0.716256,20,53.4,2.5
96,1229.9,82.56,160.791,0.686931,20,53.9,3.0
96,1229.9,82.56,495.54,1.53855,20,55.9,5.0
97,1235.19,903.59,20.3915,0.382047,20,51.65,0.75
97,1235.19,903.59,69.4154,0.461279,20,52.4,1.5
97,1235.19,903.59,107.509,0.566905,20,52.9,2.0
97,1235.19,903.59,141.688,0.683856,20,53.4,2.5
97,1235.19,903.59,190.785,0.702329,20,53.9,3.0
97,1235.19,903.59,352.508,0.866194,20,55.9,5.0
98,1239.66,850.07,2.74915,0.433853,20,51.65,0.75
98,1239.66,850.07,9.14317,0.399809,20,52.4,1.5
98,1239.66,850.07,18.453,0.569747,20,52.9,2.0
98,1239.66,850.07,25.7303,0.504783,20,53.4,2.5
98,1239.66,850.07,37.8932,0.809426,20,53.9,3.0
98,1239.66,850.07,127.904,0.685261,20,55.9,5.0
99,1266.06,983.87,2.50394,0.072292,20,51.65,0.75
99,1266.06,983.87,5.44987,0.166893,20,52.4,1.5
99,1266.06,983.87,10.0871,0.0871643,20,52.9,2.0
99,1266.06,983.87,11.9532,0.100535,20,53.4,2.5
99,1266.06,983.87,13.8359,0.0949974,20,53.9,3.0
99,1266.06,983.87,24.7384,0.112072,20,55.9,5.0
100,1278.73,558.75,24.8041,0.368708,20,51.65,0.75
100,1278.73,558.75,75.8727,0.338988,20,52.4,1.5
100,1278.73,558.75,114.473,0.509631,20,52.9,2.0
100,1278.73,558.75,169.012,0.631984,20,53.4,2.5
100,1278.73,558.75,227.217,0.721898,20,53.9,3.0
100,1278.73,558.75,528.046,1.19782,20,55.9,5.0
101,1304.09,256.07,11.1393,0.469414,20,51.65,0.75
101,1304.09,256.07,42.6495,0.463047,20,52.4,1.5
101,1304.09,256.07,71.8607,0.573703,20,52.9,2.0
101,1304.09,256.07,125.621,0.588265,20,53.4,2.5
101,1304.09,256.07,161.709,0.545005,20,53.9,3.0
101,1304.09,256.07,417.023,1.06501,20,55.9,5.0
103,1344.89,548.02,7.01158,0.665095,20,51.65,0.75
103,1344.89,548.02,31.7272,0.515053,20,52.4,1.5
103,1344.89,548.02,55.9933,0.558481,20,52.9,2.0
103,1344.89,548.02,88.5535,0.694893,20,53.4,2.5
103,1344.89,548.02,133.187,0.874558,20,53.9,3.0
103,1344.89,548.02,350.094,1.19882,20,55.9,5.0
106,1353.38,254.2,4.027,0.328942,20,51.65,0.75
106,1353.38,254.2,19.625,0.220814,20,52.4,1.5
106,1353.38,254.2,33.5607,0.367178,20,52.9,2.0
106,1353.38,254.2,46.0101,0.384717,20,53.4,2.5
106,1353.38,254.2,56.1762,0.527615,20,53.9,3.0
106,1353.38,254.2,110.697,0.496407,20,55.9,5.0
107,1362.39,43.35,29.9088,0.425249,20,51.65,0.75
107,1362.39,43.35,121.497,0.518698,20,52.4,1.5
107,1362.39,43.35,223.096,0.6671,20,52.9,2.0
107,1362.39,43.35,348.438,0.878305,20,53.4,2.5
107,1362.39,43.35,571.995,1.89398,20,53.9,3.0
107,1362.39,43.35,1666.01,3.0745,20,55.9,5.0
108,1365.79,577.48,3.81632,0.17295,20,51.65,0.75
108,1365.79,577.48,14.7504,0.407307,20,52.4,1.5
108,1365.79,577.48,22.4329,0.265902,20,52.9,2.0
108,1365.79,577.48,35.5403,0.388546,20,53.4,2.5
108,1365.79,577.48,48.6508,0.331697,20,53.9,3.0
108,1365.79,577.48,120.616,0.590175,20,55.9,5.0
109,1364.43,984.81,37.5997,0.383451,20,51.65,0.75
109,1364.43,984.81,124.462,0.462624,20,52.4,1.5
109,1364.43,984.81,198.718,0.716722,20,52.9,2.0
109,1364.43,984.81,277.322,0.701228,20,53.4,2.5
109,1364.43,984.81,380.953,0.934133,20,53.9,3.0
109,1364.43,984.81,812.489,1.72241,20,55.9,5.0
110,1381.55,1035.14,31.8969,0.389108,20,51.65,0.75
110,1381.55,1035.14,76.7045,0.338798,20,52.4,1.5
110,1381.55,1035.14,110.685,0.551228,20,52.9,2.0
110,1381.55,1035.14,162.382,0.513927,20,53.4,2.5
110,1381.55,1035.14,204.332,0.518168,20,53.9,3.0
110,1381.55,1035.14,363.074,1.02783,20,55.9,5.0
111,1404.11,35.6,6.21358,0.339145,20,51.65,0.75
111,1404.11,35.6,15.8265,0.354866,20,52.4,1.5
111,1404.11,35.6,25.3088,0.299681,20,52.9,2.0
111,1404.11,35.6,31.911,0.563071,20,53.4,2.5
111,1404.11,35.6,47.5922,0.48531,20,53.9,3.0
111,1404.11,35.6,102.523,0.842298,20,55.9,5.0
112,1400.02,769.22,45.4617,0.316001,20,51.65,0.75
112,1400.02,769.22,119.521,0.278032,20,52.4,1.5
112,1400.02,769.22,175.035,0.279873,20,52.9,2.0
112,1400.02,769.22,241.471,0.497755,20,53.4,2.5
112,1400.02,769.22,310.953,0.553412,20,53.9,3.0
112,1400.02,769.22,608.559,1.34131,20,55.9,5.0
113,1438.73,629.88,2.20373,0.250394,20,51.65,0.75
113,1438.73,629.88,16.5405,0.573071,20,52.4,1.5
113,1438.73,629.88,43.9901,0.713486,20,52.9,2.0
113,1438.73,629.88,85.2776,0.561676,20,53.4,2.5
113,1438.73,629.88,139.517,0.773056,20,53.9,3.0
113,1438.73,629.88,450.45,1.29138,20,55.9,5.0
114,1448.19,587.89,3.26955,0.238921,20,51.65,0.75
114,1448.19,587.89,9.2664,0.323154,20,52.4,1.5
114,1448.19,587.89,16.6527,0.339593,20,52.9,2.0
114,1448.19,587.89,23.2449,0.34425,20,53.4,2.5
114,1448.19,587.89,36.5366,0.365998,20,53.9,3.0
114,1448.19,587.89,95.5501,0.518641,20,55.9,5.0
115,1454.4,499.16,5.04978,0.134197,20,51.65,0.75
115,1454.4,499.16,11.8845,0.211071,20,52.4,1.5
115,1454.4,499.16,16.4464,0.241048,20,52.9,2.0
115,1454.4,499.16,24.9126,0.307613,20,53.4,2.5
115,1454.4,499.16,36.7101,0.340239,20,53.9,3.0
115,1454.4,499.16,93.691,0.602116,20,55.9,5.0
116,1457.87,440.2,4.13537,0.130495,20,51.65,0.75
116,1457.87,440.2,9.81031,0.127715,20,52.4,1.5
116,1457.87,440.2,14.6955,0.139947,20,52.9,2.0
116,1457.87,440.2,23.9912,0.123141,20,53.4,2.5
116,1457.87,440.2,33.5249,0.191523,20,53.9,3.0
116,1457.87,440.2,86.5539,0.397963,20,55.9,5.0
117,1460.4,192.61,1.91578,0.10361,20,51.65,0.75
117,1460.4,192.61,2.97675,0.0597561,20,52.4,1.5
117,1460.4,192.61,5.99474,0.094467,20,52.9,2.0
117,1460.4,192.61,7.56802,0.084961,20,53.4,2.5
117,1460.4,192.61,9.65799,0.140518,20,53.9,3.0
117,1460.4,192.61,13.8658,0.186792,20,55.9,5.0
118,1465.73,153.97,10.2795,0.249689,20,51.65,0.75
118,1465.73,153.97,34.2423,0.484019,20,52.4,1.5
118,1465.73,153.97,56.9809,0.472372,20,52.9,2.0
118,1465.73,153.97,80.421,0.597797,20,53.4,2.5
118,1465.73,153.97,102.011,0.711261,20,53.9,3.0
118,1465.73,153.97,237.306,0.975406,20,55.9,5.0
119,1464.64,879.29,0.286029,0.175452,20,51.65,0.75
119,1464.64,879.29,3.2583,0.146778,20,52.4,1.5
119,1464.64,879.29,4.64714,0.123606,20,52.9,2.0
119,1464.64,879.29,7.82746,0.178939,20,53.4,2.5
119,1464.64,879.29,8.63799,0.174417,20,53.9,3.0
119,1464.64,879.29,23.2304,0.130726,20,55.9,5.0
120,1479.78,73.96,7.77959,0.385662,20,51.65,0.75
120,1479.78,73.96,29.3859,0.291501,20,52.4,1.5
120,1479.78,73.96,51.6106,0.434786,20,52.9,2.0
120,1479.78,73.96,80.4495,0.482175,20,53.4,2.5
120,1479.78,73.96,113.501,0.756695,20,53.9,3.0
120,1479.78,73.96,336.039,0.996442,20,55.9,5.0
122,1482.41,788.76,21.0724,0.267599,20,51.65,0.75
122,1482.41,788.76,53.8712,0.38527,20,52.4,1.5
122,1482.41,788.76,83.017,0.354047,20,52.9,2.0
122,1482.41,788.76,111.934,0.381717,20,53.4,2.5
122,1482.41,788.76,166.349,0.583122,20,53.9,3.0
122,1482.41,788.76,315.966,0.829839,20,55.9,5.0
123,1500.38,369.9,0.918246,0.271043,20,51.65,0.75
123,1500.38,369.9,6.20014,0.42136,20,52.4,1.5
123,1500.38,369.9,13.6664,0.408661,20,52.9,2.0
123,1500.38,369.9,20.7032,0.385042,20,53.4,2.5
123,1500.38,369.9,41.9147,0.493961,20,53.9,3.0
123,1500.38,369.9,88.6323,0.64073,20,55.9,5.0
124,1500.44,981.8,3.20409,0.295739,20,51.65,0.75
124,1500.44,981.8,9.19763,0.305377,20,52.4,1.5
124,1500.44,981.8,16.5662,0.286842,20,52.9,2.0
124,1500.44,981.8,24.295,0.323103,20,53.4,2.5
124,1500.44,981.8,33.9478,0.374438,20,53.9,3.0
124,1500.44,981.8,89.6951,0.597224,20,55.9,5.0
125,1507.72,58.28,67.0802,0.70532,20,51.65,0.75
125,1507.72,58.28,216.998,1.00267,20,52.4,1.5
125,1507.72,58.28,364.266,1.08178,20,52.9,2.0
125,1507.72,58.28,575.905,1.53721,20,53.4,2.5
125,1507.72,58.28,830.344,2.13179,20,53.9,3.0
125,1507.72,58.28,2263.97,6.42127,20,55.9,5.0
126,1502.78,800.13,1.32899,0.134809,20,51.65,0.75
126,1502.78,800.13,3.5523,0.239489,20,52.4,1.5
126,1502.78,800.13,5.14461,0.423559,20,52.9,2.0
126,1502.78,800.13,9.19966,0.242727,20,53.4,2.5
126,1502.78,800.13,11.4208,0.32535,20,53.9,3.0
126,1502.78,800.13,28.5418,0.19454,20,55.9,5.0
127,1507.93,234.0,4.62912,0.30443,20,51.65,0.75
127,1507.93,234.0,14.9508,0.358237,20,52.4,1.5
127,1507.93,234.0,19.4615,0.449209,20,52.9,2.0
127,1507.93,234.0,31.0062,0.403653,20,53.4,2.5
127,1507.93,234.0,44.8261,0.354755,20,53.9,3.0
127,1507.93,234.0,84.7894,0.525065,20,55.9,5.0
128,1530.11,488.56,1.58696,0.361921,20,51.65,0.75
128,1530.11,488.56,18.4668,0.43018,20,52.4,1.5
128,1530.11,488.56,66.1487,0.614369,20,52.9,2.0
128,1530.11,488.56,134.633,0.560775,20,53.4,2.5
128,1530.11,488.56,260.928,0.754437,20,53.9,3.0
128,1530.11,488.56,1022.85,2.00775,20,55.9,5.0
129,1557.55,614.17,1.74551,0.169885,20,51.65,0.75
129,1557.55,614.17,4.08989,0.173063,20,52.4,1.5
129,1557.55,614.17,6.09061,0.21244,20,52.9,2.0
129,1557.55,614.17,8.57301,0.116006,20,53.4,2.5
129,1557.55,614.17,12.5978,0.292485,20,53.9,3.0
129,1557.55,614.17,27.8484,0.371075,20,55.9,5.0
130,1562.35,888.67,22.3077,0.357808,20,51.65,0.75
130,1562.35,888.67,73.9666,0.42097,20,52.4,1.5
130,1562.35,888.67,120.673,0.519057,20,52.9,2.0
130,1562.35,888.67,179.351,0.675528,20,53.4,2.5
130,1562.35,888.67,234.226,0.52948,20,53.9,3.0
130,1562.35,888.67,515.513,1.20733,20,55.9,5.0
131,1571.79,941.62,43.2545,0.330627,20,51.65,0.75
131,1571.79,941.62,157.814,0.546229,20,52.4,1.5
131,1571.79,941.62,239.957,0.810569,20,52.9,2.0
131,1571.79,941.62,366.502,0.804774,20,53.4,2.5
131,1571.79,941.62,466.711,1.04858,20,53.9,3.0
131,1571.79,941.62,1019.4,1.78484,20,55.9,5.0
132,1588.54,282.11,1.36146,0.244105,20,51.65,0.75
132,1588.54,282.11,5.40243,0.333286,20,52.4,1.5
132,1588.54,282.11,9.45199,0.244727,20,52.9,2.0
132,1588.54,282.11,13.4559,0.21319,20,53.4,2.5
132,1588.54,282.11,16.5303,0.167217,20,53.9,3.0
132,1588.54,282.11,28.1176,0.534894,20,55.9,5.0
133,1592.77,863.87,1.82664,0.180491,20,51.65,0.75
133,1592.77,863.87,10.2909,0.306737,20,52.4,1.5
133,1592.77,863.87,14.6182,0.337631,20,52.9,2.0
133,1592.77,863.87,20.311,0.32937,20,53.4,2.5
133,1592.77,863.87,26.2102,0.349097,20,53.9,3.0
133,1592.77,863.87,45.1547,0.405918,20,55.9,5.0
134,1602.43,814.11,24.2447,0.597188,20,51.65,0.75
134,1602.43,814.11,125.407,0.7248,20,52.4,1.5
134,1602.43,814.11,233.065,0.705699,20,52.9,2.0
134,1602.43,814.11,392.334,0.96274,20,53.4,2.5
134,1602.43,814.11,595.959,1.39024,20,53.9,3.0
134,1602.43,814.11,1971.83,2.90051,20,55.9,5.0
136,1624.68,634.11,20.2592,0.655101,20,51.65,0.75
136,1624.68,634.11,83.2206,0.760237,20,52.4,1.5
136,1624.68,634.11,143.286,0.620909,20,52.9,2.0
136,1624.68,634.11,222.179,0.72941,20,53.4,2.5
136,1624.68,634.11,303.705,1.00339,20,53.9,3.0
136,1624.68,634.11,895.564,2.11054,20,55.9,5.0
137,1624.27,986.97,2.14462,0.222047,20,51.65,0.75
137,1624.27,986.97,3.515,0.238381,20,52.4,1.5
137,1624.27,986.97,7.42939,0.229346,20,52.9,2.0
137,1624.27,986.97,8.97617,0.448936,20,53.4,2.5
137,1624.27,986.97,12.8695,0.416446,20,53.9,3.0
137,1624.27,986.97,34.6627,0.408962,20,55.9,5.0
138,1631.45,90.91,1.74211,0.236991,20,51.65,0.75
138,1631.45,90.91,5.55505,0.321822,20,52.4,1.5
138,1631.45,90.91,9.50852,0.46586,20,52.9,2.0
138,1631.45,90.91,14.5732,0.561456,20,53.4,2.5
138,1631.45,90.91,23.9861,0.383467,20,53.9,3.0
138,1631.45,90.91,57.7866,0.773361,20,55.9,5.0
139,1634.4,1025.89,32.3348,0.585154,20,51.65,0.75
139,1634.4,1025.89,98.1084,0.491235,20,52.4,1.5
139,1634.4,1025.89,165.289,0.609801,20,52.9,2.0
139,1634.4,1025.89,231.282,0.641917,20,53.4,2.5
139,1634.4,1025.89,345.696,0.896103,20,53.9,3.0
139,1634.4,1025.89,751.277,1.83409,20,55.9,5.0
140,1641.66,352.92,0.284788,0.276613,20,51.65,0.75
140,1641.66,352.92,4.68552,0.357766,20,52.4,1.5
140,1641.66,352.92,5.93449,0.554501,20,52.9,2.0
140,1641.66,352.92,7.55441,0.52867,20,53.4,2.5
140,1641.66,352.92,11.18,0.506747,20,53.9,3.0
140,1641.66,352.92,17.75,0.615071,20,55.9,5.0
141,1647.21,683.5,21.1384,0.275216,20,51.65,0.75
141,1647.21,683.5,49.4758,0.339076,20,52.4,1.5
141,1647.21,683.5,75.8603,0.407455,20,52.9,2.0
141,1647.21,683.5,109.556,0.406194,20,53.4,2.5
141,1647.21,683.5,138.636,0.562909,20,53.9,3.0
141,1647.21,683.5,285.74,0.756439,20,55.9,5.0
142,1681.34,609.72,115.048,0.620768,20,51.65,0.75
142,1681.34,609.72,433.411,0.904812,20,52.4,1.5
142,1681.34,609.72,753.41,1.10536,20,52.9,2.0
142,1681.34,609.72,1195.47,1.42034,20,53.4,2.5
142,1681.34,609.72,1713.03,1.92927,20,53.9,3.0
142,1681.34,609.72,5057.53,5.57986,20,55.9,5.0
143,1683.0,919.06,8.86576,0.349267,20,51.65,0.75
143,1683.0,919.06,34.3891,0.428831,20,52.4,1.5
143,1683.0,919.06,60.3615,0.554832,20,52.9,2.0
143,1683.0,919.06,93.8462,0.609889,20,53.4,2.5
143,1683.0,919.06,132.457,0.828935,20,53.9,3.0
143,1683.0,919.06,423.135,1.07693,20,55.9,5.0
144,1687.26,699.58,1.05021,0.205948,20,51.65,0.75
144,1687.26,699.58,4.91787,0.213262,20,52.4,1.5
144,1687.26,699.58,8.19609,0.130229,20,52.9,2.0
144,1687.26,699.58,10.7853,0.35767,20,53.4,2.5
144,1687.26,699.58,16.2353,0.337869,20,53.9,3.0
144,1687.26,699.58,33.0408,0.213368,20,55.9,5.0
145,1692.44,41.91,5.39756,0.264303,20,51.65,0.75
145,1692.44,41.91,22.3729,0.565337,20,52.4,1.5
145,1692.44,41.91,34.9033,0.29985,20,52.9,2.0
145,1692.44,41.91,59.8562,0.394985,20,53.4,2.5
145,1692.44,41.91,80.5498,0.548902,20,53.9,3.0
145,1692.44,41.91,210.431,0.965872,20,55.9,5.0
146,1701.49,707.85,5.95567,0.311772,20,51.65,0.75
146,1701.49,707.85,13.53,0.265478,20,52.4,1.5
146,1701.49,707.85,18.9362,0.366665,20,52.9,2.0
146,1701.49,707.85,29.4873,0.369139,20,53.4,2.5
146,1701.49,707.85,37.5628,0.483343,20,53.9,3.0
146,1701.49,707.85,74.1234,0.527809,20,55.9,5.0
148,1705.95,534.35,-1.38681,0.447674,20,51.65,0.75
148,1705.95,534.35,1.30075,0.626361,20,52.4,1.5
148,1705.95,534.35,5.5318,0.698948,20,52.9,2.0
148,1705.95,534.35,17.1768,0.589847,20,53.4,2.5
148,1705.95,534.35,29.2502,0.650039,20,53.9,3.0
148,1705.95,534.35,100.139,1.17855,20,55.9,5.0
149,1705.96,830.69,2.12891,0.309139,20,51.65,0.75
149,1705.96,830.69,7.41131,0.350644,20,52.4,1.5
149,1705.96,830.69,23.1877,0.227826,20,52.9,2.0
149,1705.96,830.69,50.0211,0.289711,20,53.4,2.5
149,1705.96,830.69,100.296,0.58718,20,53.9,3.0
149,1705.96,830.69,470.804,1.05049,20,55.9,5.0
150,1709.25,452.35,2.12852,0.322464,20,51.65,0.75
150,1709.25,452.35,5.08744,0.420505,20,52.4,1.5
150,1709.25,452.35,13.949,0.471677,20,52.9,2.0
150,1709.25,452.35,19.5371,0.266301,20,53.4,2.5
150,1709.25,452.35,29.0838,0.421413,20,53.9,3.0
150,1709.25,452.35,79.0785,0.705,20,55.9,5.0
151,1712.5,379.22,2.69841,0.194035,20,51.65,0.75
151,1712.5,379.22,18.121,0.295008,20,52.4,1.5
151,1712.5,379.22,23.1631,0.255016,20,52.9,2.0
151,1712.5,379.22,39.7275,0.200017,20,53.4,2.5
151,1712.5,379.22,54.5913,0.210704,20,53.9,3.0
151,1712.5,379.22,148.121,0.498262,20,55.9,5.0
152,1711.59,555.63,7.95569,0.250044,20,51.65,0.75
152,1711.59,555.63,14.8869,0.214497,20,52.4,1.5
152,1711.59,555.63,25.9135,0.310978,20,52.9,2.0
152,1711.59,555.63,33.7392,0.309291,20,53.4,2.5
152,1711.59,555.63,43.0709,0.439354,20,53.9,3.0
152,1711.59,555.63,82.5266,0.65612,20,55.9,5.0
153,1717.99,14.7,163.612,0.792404,20,51.65,0.75
153,1717.99,14.7,877.12,0.970808,20,52.4,1.5
153,1717.99,14.7,1672.6,1.45735,20,52.9,2.0
153,1717.99,14.7,2730.48,2.0484,20,53.4,2.5
153,1717.99,14.7,3964.82,3.14826,20,53.9,3.0
153,1717.99,14.7,11362.0,8.62799,20,55.9,5.0
154,1716.07,580.9,26.2506,0.352199,20,51.65,0.75
154,1716.07,580.9,83.3613,0.37345,20,52.4,1.5
154,1716.07,580.9,148.918,0.412736,20,52.9,2.0
154,1716.07,580.9,211.909,0.481835,20,53.4,2.5
154,1716.07,580.9,314.816,0.664116,20,53.9,3.0
154,1716.07,580.9,950.416,1.632,20,55.9,5.0
155,1721.81,52.35,28.5324,0.638093,20,51.65,0.75
155,1721.81,52.35,114.297,0.711113,20,52.4,1.5
155,1721.81,52.35,195.901,1.02569,20,52.9,2.0
155,1721.81,52.35,310.794,1.05343,20,53.4,2.5
155,1721.81,52.35,507.822,1.28209,20,53.9,3.0
155,1721.81,52.35,1458.23,3.33728,20,55.9,5.0
157,1744.09,667.24,0.874059,0.146497,20,51.65,0.75
157,1744.09,667.24,10.4961,0.169881,20,52.4,1.5
157,1744.09,667.24,13.9602,0.221163,20,52.9,2.0
157,1744.09,667.24,19.3593,0.158589,20,53.4,2.5
157,1744.09,667.24,29.4783,0.265274,20,53.9,3.0
157,1744.09,667.24,51.5633,0.351395,20,55.9,5.0
158,1756.38,207.66,4.18068,0.233375,20,51.65,0.75
158,1756.38,207.66,15.7515,0.230536,20,52.4,1.5
158,1756.38,207.66,29.6474,0.334477,20,52.9,2.0
158,1756.38,207.66,43.8818,0.286195,20,53.4,2.5
158,1756.38,207.66,63.6597,0.275599,20,53.9,3.0
158,1756.38,207.66,164.727,0.586464,20,55.9,5.0
159,1757.31,850.26,61.137,0.418644,20,51.65,0.75
159,1757.31,850.26,214.041,0.522992,20,52.4,1.5
159,1757.31,850.26,384.486,0.879913,20,52.9,2.0
159,1757.31,850.26,593.827,0.892915,20,53.4,2.5
159,1757.31,850.26,866.292,1.2576,20,53.9,3.0
159,1757.31,850.26,4120.01,33.6586,20,55.9,5.0
161,1810.21,652.43,0.456152,0.100846,20,51.65,0.75
161,1810.21,652.43,3.06105,0.204485,20,52.4,1.5
161,1810.21,652.43,3.99623,0.216908,20,52.9,2.0
161,1810.21,652.43,5.83079,0.0813586,20,53.4,2.5
161,1810.21,652.43,7.03161,0.28502,20,53.9,3.0
161,1810.21,652.43,13.3429,0.18767,20,55.9,5.0
162,1816.24,139.85,8.53383,0.267345,20,51.65,0.75
162,1816.24,139.85,25.7211,0.275428,20,52.4,1.5
162,1816.24,139.85,38.5332,0.429299,20,52.9,2.0
162,1816.24,139.85,48.2365,0.388213,20,53.4,2.5
162,1816.24,139.85,64.9955,0.401245,20,53.9,3.0
162,1816.24,139.85,112.241,0.337446,20,55.9,5.0
163,1817.7,993.52,93.1718,0.74336,20,51.65,0.75
163,1817.7,993.52,295.705,0.738985,20,52.4,1.5
163,1817.7,993.52,500.145,1.03911,20,52.9,2.0
163,1817.7,993.52,753.157,1.3534,20,53.4,2.5
163,1817.7,993.52,979.879,1.52888,20,53.9,3.0
163,1817.7,993.52,2345.0,3.39827,20,55.9,5.0
164,1822.85,905.53,8.3198,0.255514,20,51.65,0.75
164,1822.85,905.53,40.0371,0.224243,20,52.4,1.5
164,1822.85,905.53,69.7787,0.364753,20,52.9,2.0
164,1822.85,905.53,104.034,0.563338,20,53.4,2.5
164,1822.85,905.53,152.891,0.560403,20,53.9,3.0
164,1822.85,905.53,435.021,1.07732,20,55.9,5.0
165,1834.13,277.89,12.1158,0.540807,20,51.65,0.75
165,1834.13,277.89,36.3684,0.558482,20,52.4,1.5
165,1834.13,277.89,62.7807,0.417345,20,52.9,2.0
165,1834.13,277.89,91.2699,0.564138,20,53.4,2.5
165,1834.13,277.89,146.789,0.810828,20,53.9,3.0
165,1834.13,277.89,401.21,0.942201,20,55.9,5.0
166,1839.94,817.46,7.99014,0.310332,20,51.65,0.75
166,1839.94,817.46,31.4922,0.288767,20,52.4,1.5
166,1839.94,817.46,50.224,0.278186,20,52.9,2.0
166,1839.94,817.46,61.6054,0.452461,20,53.4,2.5
166,1839.94,817.46,76.8486,0.588764,20,53.9,3.0
166,1839.94,817.46,153.852,0.803276,20,55.9,5.0
167,1839.37,883.23,5.59069,0.118093,20,51.65,0.75
167,1839.37,883.23,7.69112,0.20857,20,52.4,1.5
167,1839.37,883.23,12.9706,0.255725,20,52.9,2.0
167,1839.37,883.23,19.292,0.263339,20,53.4,2.5
167,1839.37,883.23,31.4222,0.130078,20,53.9,3.0
167,1839.37,883.23,91.4919,0.513193,20,55.9,5.0
168,1865.55,745.46,3.50325,0.0976578,20,51.65,0.75
168,1865.55,745.46,6.30388,0.11616,20,52.4,1.5
168,1865.55,745.46,8.22233,0.129124,20,52.9,2.0
168,1865.55,745.46,15.9599,0.13071,20,53.4,2.5
168,1865.55,745.46,22.1258,0.283088,20,53.9,3.0
168,1865.55,745.46,59.8332,0.419891,20,55.9,5.0
169,1888.39,377.42,1.86376,0.294811,20,51.65,0.75
169,1888.39,377.42,4.27013,0.33695,20,52.4,1.5
169,1888.39,377.42,7.47488,0.319148,20,52.9,2.0
169,1888.39,377.42,9.34595,0.27766,20,53.4,2.5
169,1888.39,377.42,13.2079,0.306911,20,53.9,3.0
169,1888.39,377.42,23.7006,0.513946,20,55.9,5.0
170,1894.42,266.86,1.93695,0.102031,20,51.65,0.75
170,1894.42,266.86,2.83533,0.244767,20,52.4,1.5
170,1894.42,266.86,3.77794,0.157636,20,52.9,2.0
170,1894.42,266.86,7.91861,0.0880218,20,53.4,2.5
170,1894.42,266.86,12.6816,0.157286,20,53.9,3.0
170,1894.42,266.86,29.9135,0.384398,20,55.9,5.0
171,1891.47,926.59,8.32098,0.264513,20,51.65,0.75
171,1891.47,926.59,29.9803,0.180915,20,52.4,1.5
171,1891.47,926.59,42.7749,0.186276,20,52.9,2.0
171,1891.47,926.59,72.229,0.210541,20,53.4,2.5
171,1891.47,926.59,98.9853,0.300895,20,53.9,3.0
171,1891.47,926.59,250.297,0.505286,20,55.9,5.0
172,1895.33,1067.23,22.174,0.406581,20,51.65,0.75
172,1895.33,1067.23,86.1917,0.603531,20,52.4,1.5
172,1895.33,1067.23,92.1963,0.454619,20,52.9,2.0
172,1895.33,1067.23,125.994,0.543053,20,53.4,2.5
172,1895.33,1067.23,159.04,0.913723,20,53.9,3.0
172,1895.33,1067.23,324.15,1.16175,20,55.9,5.0
173,1913.43,650.01,8.95698,0.273317,20,51.65,0.75
173,1913.43,650.01,32.8052,0.248147,20,52.4,1.5
173,1913.43,650.01,52.9548,0.300853,20,52.9,2.0
173,1913.43,650.01,71.2422,0.351842,20,53.4,2.5
173,1913.43,650.01,90.7669,0.354602,20,53.9,3.0
173,1913.43,650.01,171.434,0.589219,20,55.9,5.0
174,1918.14,339.36,0.52866,0.208645,20,51.65,0.75
174,1918.14,339.36,2.43021,0.215866,20,52.4,1.5
174,1918.14,339.36,2.88638,0.107127,20,52.9,2.0
174,1918.14,339.36,6.22152,0.303401,20,53.4,2.5
174,1918.14,339.36,7.93514,0.135298,20,53.9,3.0
174,1918.14,339.36,12.8121,0.0847949,20,55.9,5.0
175,90.09,810.0,1.77373,0.189983,20,51.65,0.75
175,90.09,810.0,1.85903,0.0578557,20,52.4,1.5
175,90.09,810.0,4.49429,0.173731,20,52.9,2.0
175,90.09,810.0,4.20281,0.0498017,20,53.4,2.5
175,90.09,810.0,6.69221,0.262247,20,53.9,3.0
175,90.09,810.0,11.647,0.127292,20,55.9,5.0
181,590.86,233.16,0.133522,0.198617,20,51.65,0.75
181,590.86,233.16,1.59797,0.214294,20,52.4,1.5
181,590.86,233.16,4.28296,0.0656905,20,52.9,2.0
181,590.86,233.16,6.14582,0.273162,20,53.4,2.5
181,590.86,233.16,8.12018,0.154933,20,53.9,3.0
181,590.86,233.16,24.5836,0.145535,20,55.9,5.0
183,983.79,927.86,1.32746,0.199262,20,51.65,0.75
183,983.79,927.86,3.46347,0.125989,20,52.4,1.5
183,983.79,927.86,7.49897,0.117144,20,52.9,2.0
183,983.79,927.86,8.90107,0.343272,20,53.4,2.5
183,983.79,927.86,14.5635,0.148745,20,53.9,3.0
183,983.79,927.86,33.1234,0.201892,20,55.9,5.0
188,499.86,636.41,1.20819,0.310922,20,51.65,0.75
188,499.86,636.41,1.79912,0.127895,20,52.4,1.5
188,499.86,636.41,2.15268,0.350134,20,52.9,2.0
188,499.86,636.41,6.26138,0.1179,20,53.4,2.5
188,499.86,636.41,6.63087,0.373011,20,53.9,3.0
188,499.86,636.41,11.9578,0.206711,20,55.9,5.0
189,788.83,31.6,0.358029,0.194845,20,51.65,0.75
189,788.83,31.6,2.05503,0.121014,20,52.4,1.5
189,788.83,31.6,5.05228,0.186012,20,52.9,2.0
189,788.83,31.6,6.03655,0.149177,20,53.4,2.5
189,788.83,31.6,9.40829,0.147436,20,53.9,3.0
189,788.83,31.6,19.0254,0.229987,20,55.9,5.0
190,1145.7,632.78,10.6165,0.451864,20,51.65,0.75
190,1145.7,632.78,23.462,0.443999,20,52.4,1.5
190,1145.7,632.78,38.5253,0.638581,20,52.9,2.0
190,1145.7,632.78,50.3112,0.64368,20,53.4,2.5
190,1145.7,632.78,61.87,0.456991,20,53.9,3.0
190,1145.7,632.78,122.833,0.974004,20,55.9,5.0
191,1185.19,619.57,0.116133,0.0795944,20,51.65,0.75
191,1185.19,619.57,1.85399,0.0655731,20,52.4,1.5
191,1185.19,619.57,2.54558,0.156231,20,52.9,2.0
191,1185.19,619.57,3.33357,0.201174,20,53.4,2.5
191,1185.19,619.57,6.81503,0.0717914,20,53.9,3.0
191,1185.19,619.57,8.40941,0.112848,20,55.9,5.0
192,1384.96,429.18,3.90199,0.177871,20,51.65,0.75
192,1384.96,429.18,6.24607,0.282937,20,52.4,1.5
192,1384.96,429.18,13.043,0.26456,20,52.9,2.0
192,1384.96,429.18,15.7578,0.27556,20,53.4,2.5
192,1384.96,429.18,24.4804,0.458609,20,53.9,3.0
192,1384.96,429.18,69.1354,0.393034,20,55.9,5.0
193,1585.67,547.95,0.386257,0.0949724,20,51.65,0.75
193,1585.67,547.95,1.83978,0.122202,20,52.4,1.5
193,1585.67,547.95,3.941,0.113671,20,52.9,2.0
193,1585.67,547.95,5.02459,0.121786,20,53.4,2.5
193,1585.67,547.95,10.7398,0.138743,20,53.9,3.0
193,1585.67,547.95,20.6084,0.387388,20,55.9,5.0
